5.441666666666666874e-01 3.074999999999999956e-01 8.333333333333332871e-02 6.500000000000000222e-02
6.333333333333333870e-02 2.308333333333333348e-01 1.608333333333333282e-01 5.450000000000000400e-01
5.083333333333333454e-02 3.366666666666666696e-01 6.008333333333333304e-01 1.166666666666666720e-02
1.083333333333333370e-01 3.708333333333333481e-01 1.866666666666666752e-01 3.341666666666666674e-01
1.391666666666666607e-01 2.491666666666666752e-01 4.866666666666666918e-01 1.250000000000000000e-01
2.174999999999999989e-01 7.616666666666667140e-01 1.833333333333333343e-02 2.500000000000000052e-03
1.083333333333333370e-01 2.949999999999999845e-01 4.466666666666666563e-01 1.499999999999999944e-01
2.766666666666666718e-01 3.141666666666666496e-01 2.383333333333333415e-01 1.708333333333333370e-01
1.250000000000000000e-01 3.049999999999999933e-01 2.550000000000000044e-01 3.150000000000000022e-01
1.883333333333333248e-01 4.416666666666666519e-01 1.658333333333333326e-01 2.041666666666666630e-01
6.583333333333332704e-02 7.358333333333333393e-01 4.166666666666666435e-02 1.566666666666666763e-01
2.049999999999999878e-01 3.933333333333333126e-01 2.816666666666666763e-01 1.199999999999999956e-01
9.166666666666666019e-02 2.300000000000000100e-01 5.966666666666666785e-01 8.166666666666666519e-02
8.500000000000000611e-02 6.833333333333332926e-02 7.133333333333333748e-01 1.333333333333333315e-01
6.158333333333333437e-01 4.000000000000000083e-02 8.500000000000000611e-02 2.591666666666666563e-01
