7.416666666666667240e-02 2.166666666666666741e-02 4.808333333333333348e-01 4.233333333333333393e-01
4.499999999999999833e-02 4.791666666666666852e-01 1.074999999999999983e-01 3.683333333333333459e-01
5.249999999999999806e-02 2.200000000000000011e-01 6.600000000000000311e-01 6.750000000000000444e-02
9.500000000000000111e-02 4.083333333333333259e-01 3.133333333333333526e-01 1.833333333333333204e-01
4.733333333333333282e-01 4.450000000000000067e-01 1.666666666666666644e-02 6.500000000000000222e-02
2.025000000000000133e-01 1.275000000000000022e-01 2.558333333333333570e-01 4.141666666666666829e-01
2.191666666666666763e-01 1.141666666666666663e-01 5.058333333333333570e-01 1.608333333333333282e-01
4.716666666666666785e-01 3.866666666666666585e-01 1.333333333333333315e-01 8.333333333333333218e-03
2.866666666666666807e-01 4.658333333333333215e-01 1.241666666666666613e-01 1.233333333333333365e-01
6.358333333333333615e-01 1.483333333333333448e-01 1.266666666666666774e-01 8.916666666666667185e-02
1.499999999999999944e-02 4.499999999999999833e-02 2.308333333333333348e-01 7.091666666666666119e-01
6.416666666666666352e-02 2.625000000000000111e-01 5.608333333333332948e-01 1.125000000000000028e-01
2.924999999999999822e-01 1.541666666666666741e-01 3.400000000000000244e-01 2.133333333333333470e-01
2.458333333333333204e-01 1.616666666666666530e-01 1.683333333333333348e-01 4.241666666666666918e-01
2.124999999999999944e-01 3.308333333333333126e-01 2.233333333333333282e-01 2.333333333333333370e-01
7.000000000000000666e-02 7.516666666666667052e-01 7.249999999999999500e-02 1.058333333333333348e-01
8.749999999999999445e-02 4.500000000000000111e-01 2.725000000000000200e-01 1.900000000000000022e-01
1.991666666666666585e-01 2.924999999999999822e-01 2.633333333333333082e-01 2.449999999999999956e-01
4.400000000000000022e-01 2.700000000000000178e-01 1.125000000000000028e-01 1.774999999999999911e-01
