4.291666666666666408e-01 1.325000000000000067e-01 3.783333333333333548e-01 5.999999999999999778e-02
1.074999999999999983e-01 3.624999999999999889e-01 2.933333333333333348e-01 2.366666666666666641e-01
2.474999999999999978e-01 7.416666666666667240e-02 1.716666666666666619e-01 5.066666666666667096e-01
2.300000000000000100e-01 4.033333333333333215e-01 3.099999999999999978e-01 5.666666666666666380e-02
1.108333333333333393e-01 6.766666666666666385e-01 2.500000000000000139e-02 1.875000000000000000e-01
2.566666666666666541e-01 1.641666666666666552e-01 4.533333333333333104e-01 1.258333333333333248e-01
1.958333333333333315e-01 1.024999999999999939e-01 6.358333333333333615e-01 6.583333333333332704e-02
3.316666666666666652e-01 1.449999999999999900e-01 2.575000000000000067e-01 2.658333333333333104e-01
4.416666666666666657e-02 2.791666666666666741e-01 3.033333333333333437e-01 3.733333333333333504e-01
8.749999999999999445e-02 3.741666666666666474e-01 5.124999999999999556e-01 2.583333333333333315e-02
6.633333333333333304e-01 2.500000000000000052e-03 1.133333333333333276e-01 2.208333333333333259e-01
7.749999999999999944e-02 1.691666666666666596e-01 6.999999999999999556e-01 5.333333333333333676e-02
8.333333333333333218e-03 4.550000000000000155e-01 8.000000000000000167e-02 4.566666666666666652e-01
4.749999999999999778e-01 1.024999999999999939e-01 1.575000000000000011e-01 2.650000000000000133e-01
3.500000000000000333e-02 2.583333333333333315e-02 9.308333333333332904e-01 8.333333333333333218e-03
