5.400000000000000355e-01 1.666666666666666574e-01 2.291666666666666574e-01 6.416666666666666352e-02
4.583333333333333010e-02 1.541666666666666741e-01 2.558333333333333570e-01 5.441666666666666874e-01
1.975000000000000089e-01 1.558333333333333237e-01 5.658333333333332993e-01 8.083333333333332649e-02
3.333333333333333148e-01 3.616666666666666918e-01 2.025000000000000133e-01 1.024999999999999939e-01
4.416666666666666657e-02 7.133333333333333748e-01 1.675000000000000100e-01 7.499999999999999722e-02
4.750000000000000056e-02 2.958333333333333370e-01 2.958333333333333370e-01 3.608333333333333393e-01
3.250000000000000111e-02 6.800000000000000488e-01 6.083333333333333648e-02 2.266666666666666552e-01
2.833333333333333190e-02 1.366666666666666585e-01 7.483333333333332948e-01 8.666666666666666963e-02
8.533333333333333881e-01 3.916666666666666907e-02 9.333333333333333759e-02 1.416666666666666595e-02
1.841666666666666730e-01 2.200000000000000011e-01 4.699999999999999734e-01 1.258333333333333248e-01
1.941666666666666541e-01 7.416666666666667240e-02 2.874999999999999778e-01 4.441666666666666541e-01
1.300000000000000044e-01 1.358333333333333337e-01 3.400000000000000244e-01 3.941666666666666652e-01
2.233333333333333282e-01 2.691666666666666652e-01 1.900000000000000022e-01 3.175000000000000044e-01
1.350000000000000089e-01 4.466666666666666563e-01 1.883333333333333248e-01 2.300000000000000100e-01
9.916666666666666685e-02 9.750000000000000333e-02 3.416666666666666741e-01 4.616666666666666696e-01
6.750000000000000444e-02 1.441666666666666652e-01 3.750000000000000000e-01 4.133333333333333304e-01
