6.558333333333333792e-01 1.308333333333333293e-01 7.249999999999999500e-02 1.408333333333333381e-01
8.749999999999999445e-02 3.024999999999999911e-01 2.058333333333333404e-01 4.041666666666666741e-01
2.583333333333333592e-01 2.349999999999999867e-01 3.549999999999999822e-01 1.516666666666666718e-01
2.116666666666666696e-01 9.666666666666666463e-02 1.283333333333333270e-01 5.633333333333333526e-01
3.775000000000000022e-01 1.541666666666666741e-01 2.241666666666666530e-01 2.441666666666666707e-01
1.566666666666666763e-01 3.808333333333333570e-01 1.575000000000000011e-01 3.049999999999999933e-01
8.250000000000000389e-02 3.883333333333333082e-01 1.308333333333333293e-01 3.983333333333333171e-01
2.200000000000000011e-01 9.833333333333332815e-02 8.916666666666667185e-02 5.925000000000000266e-01
2.608333333333333059e-01 5.916666666666666741e-01 1.458333333333333426e-01 1.666666666666666774e-03
5.424999999999999822e-01 5.083333333333333454e-02 1.633333333333333304e-01 2.433333333333333459e-01
6.333333333333333870e-02 6.266666666666667052e-01 5.916666666666666602e-02 2.508333333333333526e-01
5.341666666666666785e-01 1.616666666666666530e-01 1.224999999999999978e-01 1.816666666666666707e-01
2.641666666666666607e-01 4.566666666666666652e-01 1.499999999999999944e-01 1.291666666666666796e-01
2.058333333333333404e-01 2.666666666666666838e-02 7.191666666666666208e-01 4.833333333333333232e-02
2.983333333333333393e-01 1.733333333333333393e-01 1.841666666666666730e-01 3.441666666666666763e-01
2.291666666666666574e-01 1.199999999999999956e-01 3.208333333333333592e-01 3.300000000000000155e-01
4.550000000000000155e-01 1.600000000000000033e-01 9.416666666666666241e-02 2.908333333333333326e-01
3.341666666666666674e-01 7.499999999999999722e-02 2.716666666666666674e-01 3.191666666666666541e-01
4.733333333333333282e-01 5.000000000000000278e-02 1.583333333333333467e-02 4.608333333333333171e-01
7.166666666666667018e-02 5.166666666666666630e-02 1.950000000000000067e-01 6.816666666666666430e-01
