3.749999999999999861e-02 1.208333333333333343e-01 4.091666666666666785e-01 4.324999999999999956e-01
4.366666666666666474e-01 3.441666666666666763e-01 6.833333333333332926e-02 1.508333333333333470e-01
1.675000000000000100e-01 2.458333333333333204e-01 2.566666666666666541e-01 3.300000000000000155e-01
9.833333333333332815e-02 1.783333333333333437e-01 3.341666666666666674e-01 3.891666666666666607e-01
5.541666666666666963e-01 2.541666666666666519e-01 1.424999999999999878e-01 4.916666666666666408e-02
3.900000000000000133e-01 4.191666666666666874e-01 1.133333333333333276e-01 7.749999999999999944e-02
1.499999999999999944e-02 4.491666666666666585e-01 4.808333333333333348e-01 5.500000000000000028e-02
2.874999999999999778e-01 1.024999999999999939e-01 2.566666666666666541e-01 3.533333333333333326e-01
2.033333333333333381e-01 1.583333333333333467e-02 0.000000000000000000e+00 7.808333333333333792e-01
6.583333333333332704e-02 3.258333333333333082e-01 6.058333333333333348e-01 2.500000000000000052e-03
2.483333333333333226e-01 3.166666666666666935e-02 4.224999999999999867e-01 2.974999999999999867e-01
1.074999999999999983e-01 3.300000000000000155e-01 5.574999999999999956e-01 5.000000000000000104e-03
3.950000000000000178e-01 4.041666666666666741e-01 2.750000000000000014e-02 1.733333333333333393e-01
1.283333333333333270e-01 6.208333333333333481e-01 2.474999999999999978e-01 3.333333333333333547e-03
5.925000000000000266e-01 5.999999999999999778e-02 4.166666666666666609e-03 3.433333333333333237e-01
3.941666666666666652e-01 2.525000000000000022e-01 1.950000000000000067e-01 1.583333333333333259e-01
1.283333333333333270e-01 1.316666666666666541e-01 4.266666666666666941e-01 3.133333333333333526e-01
