4.641666666666666718e-01 4.724999999999999756e-01 1.083333333333333370e-02 5.249999999999999806e-02
2.916666666666666713e-02 2.516666666666666496e-01 7.049999999999999600e-01 1.416666666666666595e-02
1.533333333333333215e-01 1.758333333333333415e-01 1.166666666666666685e-01 5.541666666666666963e-01
3.674999999999999933e-01 1.375000000000000111e-01 1.058333333333333348e-01 3.891666666666666607e-01
5.358333333333333837e-01 9.249999999999999889e-02 5.000000000000000278e-02 3.216666666666666563e-01
3.591666666666666896e-01 1.066666666666666735e-01 9.583333333333333981e-02 4.383333333333333526e-01
5.666666666666666380e-02 4.658333333333333215e-01 1.333333333333333315e-01 3.441666666666666763e-01
2.608333333333333059e-01 4.583333333333333010e-02 1.916666666666666519e-02 6.741666666666666918e-01
1.600000000000000033e-01 4.991666666666666474e-01 1.791666666666666685e-01 1.616666666666666530e-01
6.666666666666667095e-03 1.100000000000000006e-01 6.558333333333333792e-01 2.275000000000000078e-01
3.708333333333333481e-01 2.225000000000000033e-01 3.150000000000000022e-01 9.166666666666666019e-02
1.799999999999999933e-01 3.883333333333333082e-01 2.200000000000000011e-01 2.116666666666666696e-01
4.158333333333333326e-01 1.958333333333333315e-01 1.499999999999999944e-02 3.733333333333333504e-01
4.791666666666666852e-01 7.499999999999999722e-02 4.333333333333333481e-01 1.250000000000000069e-02
2.183333333333333237e-01 1.625000000000000056e-01 3.891666666666666607e-01 2.300000000000000100e-01
2.683333333333333126e-01 8.333333333333332871e-02 2.441666666666666707e-01 4.041666666666666741e-01
