8.583333333333333093e-02 5.274999999999999689e-01 3.483333333333333282e-01 3.833333333333333037e-02
3.266666666666666607e-01 1.933333333333333293e-01 2.374999999999999889e-01 2.424999999999999933e-01
1.799999999999999933e-01 3.775000000000000022e-01 2.516666666666666496e-01 1.908333333333333270e-01
3.908333333333333104e-01 1.333333333333333315e-01 2.591666666666666563e-01 2.166666666666666741e-01
8.333333333333332871e-02 5.691666666666667096e-01 5.833333333333333426e-02 2.891666666666666829e-01
3.524999999999999800e-01 9.833333333333332815e-02 1.341666666666666563e-01 4.149999999999999800e-01
4.033333333333333215e-01 2.575000000000000067e-01 2.816666666666666763e-01 5.750000000000000250e-02
3.216666666666666563e-01 9.500000000000000111e-02 4.333333333333333481e-02 5.400000000000000355e-01
1.750000000000000167e-02 3.416666666666666463e-02 1.633333333333333304e-01 7.850000000000000311e-01
5.000000000000000278e-02 2.583333333333333592e-01 2.074999999999999900e-01 4.841666666666666896e-01
6.750000000000000444e-02 2.408333333333333437e-01 4.575000000000000178e-01 2.341666666666666619e-01
2.083333333333333426e-01 4.333333333333333481e-01 2.258333333333333304e-01 1.325000000000000067e-01
3.208333333333333592e-01 1.466666666666666674e-01 2.058333333333333404e-01 3.266666666666666607e-01
2.933333333333333348e-01 1.049999999999999961e-01 4.966666666666666452e-01 1.049999999999999961e-01
1.875000000000000000e-01 1.350000000000000089e-01 6.208333333333333481e-01 5.666666666666666380e-02
2.416666666666666616e-02 1.808333333333333459e-01 2.791666666666666741e-01 5.158333333333333659e-01
5.524999999999999911e-01 2.216666666666666785e-01 1.658333333333333326e-01 5.999999999999999778e-02
2.433333333333333459e-01 2.666666666666666838e-02 6.808333333333332904e-01 4.916666666666666408e-02
2.716666666666666674e-01 3.083333333333333481e-01 4.000000000000000222e-01 2.000000000000000042e-02
