5.166666666666666630e-02 7.116666666666666696e-01 2.241666666666666530e-01 1.250000000000000069e-02
8.000000000000000167e-02 4.441666666666666541e-01 4.833333333333333232e-02 4.274999999999999911e-01
1.791666666666666685e-01 2.058333333333333404e-01 6.091666666666666341e-01 5.833333333333333599e-03
4.533333333333333104e-01 3.158333333333333548e-01 2.249999999999999917e-02 2.083333333333333426e-01
6.666666666666667095e-03 5.675000000000000044e-01 1.908333333333333270e-01 2.349999999999999867e-01
3.691666666666666430e-01 1.666666666666666574e-01 1.600000000000000033e-01 3.041666666666666408e-01
2.000000000000000111e-01 4.199999999999999845e-01 6.833333333333332926e-02 3.116666666666666474e-01
3.916666666666666907e-02 5.408333333333333881e-01 3.250000000000000111e-02 3.875000000000000111e-01
2.766666666666666718e-01 4.816666666666666874e-01 1.808333333333333459e-01 6.083333333333333648e-02
2.016666666666666607e-01 6.083333333333333648e-02 2.591666666666666563e-01 4.783333333333333326e-01
1.516666666666666718e-01 2.941666666666666874e-01 7.083333333333333148e-02 4.833333333333333370e-01
3.141666666666666496e-01 7.499999999999999722e-03 5.166666666666666630e-02 6.266666666666667052e-01
1.141666666666666663e-01 4.500000000000000111e-01 7.416666666666667240e-02 3.616666666666666918e-01
5.766666666666666607e-01 1.000000000000000056e-01 1.841666666666666730e-01 1.391666666666666607e-01
5.300000000000000266e-01 5.416666666666666852e-02 1.449999999999999900e-01 2.708333333333333148e-01
