1.158333333333333298e-01 4.666666666666666879e-02 6.458333333333333703e-01 1.916666666666666796e-01
6.616666666666666252e-01 1.916666666666666519e-02 1.499999999999999944e-01 1.691666666666666596e-01
2.149999999999999967e-01 2.258333333333333304e-01 2.233333333333333282e-01 3.358333333333333171e-01
9.166666666666666713e-03 1.758333333333333415e-01 8.041666666666666963e-01 1.083333333333333370e-02
1.883333333333333248e-01 6.466666666666666119e-01 7.916666666666666297e-02 8.583333333333333093e-02
7.333333333333333370e-02 5.166666666666666630e-02 3.858333333333333059e-01 4.891666666666666941e-01
5.158333333333333659e-01 1.600000000000000033e-01 2.066666666666666652e-01 1.174999999999999933e-01
2.608333333333333059e-01 2.033333333333333381e-01 2.483333333333333226e-01 2.874999999999999778e-01
4.750000000000000056e-02 9.208333333333332815e-01 1.750000000000000167e-02 1.416666666666666595e-02
3.599999999999999867e-01 1.333333333333333419e-02 4.450000000000000067e-01 1.816666666666666707e-01
1.658333333333333326e-01 2.558333333333333570e-01 4.091666666666666785e-01 1.691666666666666596e-01
1.474999999999999922e-01 4.824999999999999845e-01 2.008333333333333359e-01 1.691666666666666596e-01
1.224999999999999978e-01 6.866666666666666474e-01 1.708333333333333370e-01 2.000000000000000042e-02
3.058333333333333459e-01 1.858333333333333226e-01 1.283333333333333270e-01 3.800000000000000044e-01
4.466666666666666563e-01 1.133333333333333276e-01 2.074999999999999900e-01 2.325000000000000122e-01
4.099999999999999756e-01 7.499999999999999722e-02 1.358333333333333337e-01 3.791666666666666519e-01
3.024999999999999911e-01 2.416666666666666685e-01 3.775000000000000022e-01 7.833333333333333814e-02
