3.425000000000000266e-01 6.083333333333333648e-02 1.125000000000000028e-01 4.841666666666666896e-01
3.408333333333333215e-01 7.249999999999999500e-02 7.083333333333333148e-02 5.158333333333333659e-01
3.966666666666666674e-01 1.650000000000000078e-01 2.999999999999999889e-02 4.083333333333333259e-01
1.508333333333333470e-01 7.833333333333333814e-02 6.108333333333333393e-01 1.600000000000000033e-01
2.575000000000000067e-01 6.233333333333332948e-01 7.166666666666667018e-02 4.750000000000000056e-02
2.058333333333333404e-01 4.600000000000000200e-01 2.433333333333333459e-01 9.083333333333333537e-02
1.066666666666666735e-01 3.641666666666666941e-01 5.100000000000000089e-01 1.916666666666666519e-02
4.683333333333333237e-01 4.458333333333333592e-01 7.583333333333333592e-02 1.000000000000000021e-02
8.000000000000000167e-02 2.800000000000000266e-01 2.108333333333333448e-01 4.291666666666666408e-01
5.999999999999999778e-02 7.833333333333333814e-02 3.716666666666666452e-01 4.899999999999999911e-01
8.250000000000000389e-02 7.416666666666666963e-01 4.333333333333333481e-02 1.325000000000000067e-01
5.799999999999999600e-01 5.083333333333333454e-02 1.875000000000000000e-01 1.816666666666666707e-01
2.383333333333333415e-01 2.283333333333333326e-01 4.375000000000000000e-01 9.583333333333333981e-02
2.233333333333333282e-01 2.091666666666666674e-01 2.483333333333333226e-01 3.191666666666666541e-01
3.125000000000000000e-01 8.416666666666666741e-02 8.333333333333332871e-02 5.200000000000000178e-01
