3.225000000000000089e-01 5.000000000000000278e-02 5.208333333333333703e-01 1.066666666666666735e-01
1.199999999999999956e-01 8.458333333333333259e-01 3.250000000000000111e-02 1.666666666666666774e-03
7.499999999999999722e-03 2.250000000000000056e-01 4.500000000000000111e-01 3.175000000000000044e-01
3.158333333333333548e-01 2.841666666666666785e-01 5.083333333333333454e-02 3.491666666666666807e-01
3.433333333333333237e-01 8.333333333333333868e-04 4.400000000000000022e-01 2.158333333333333215e-01
1.441666666666666652e-01 2.924999999999999822e-01 3.425000000000000266e-01 2.208333333333333259e-01
3.941666666666666652e-01 4.416666666666666519e-01 2.833333333333333190e-02 1.358333333333333337e-01
5.808333333333333126e-01 2.916666666666666713e-02 6.666666666666666574e-02 3.233333333333333059e-01
9.166666666666666019e-02 6.233333333333332948e-01 2.308333333333333348e-01 5.416666666666666852e-02
2.016666666666666607e-01 8.333333333333332871e-02 5.166666666666667185e-01 1.983333333333333337e-01
1.083333333333333370e-01 2.833333333333333190e-02 7.308333333333333348e-01 1.325000000000000067e-01
3.333333333333333148e-01 2.166666666666666741e-01 1.091666666666666619e-01 3.408333333333333215e-01
1.499999999999999944e-02 6.691666666666666874e-01 2.800000000000000266e-01 3.583333333333333509e-02
1.716666666666666619e-01 1.483333333333333448e-01 4.716666666666666785e-01 2.083333333333333426e-01
2.158333333333333215e-01 3.641666666666666941e-01 1.691666666666666596e-01 2.508333333333333526e-01
4.299999999999999933e-01 1.333333333333333315e-01 4.025000000000000244e-01 3.416666666666666463e-02
3.391666666666666718e-01 3.166666666666666519e-01 4.166666666666666435e-02 3.024999999999999911e-01
2.849999999999999756e-01 3.783333333333333548e-01 1.941666666666666541e-01 1.424999999999999878e-01
