1.258333333333333248e-01 5.741666666666667140e-01 1.675000000000000100e-01 1.325000000000000067e-01
4.283333333333333437e-01 4.408333333333333548e-01 4.166666666666666435e-02 8.916666666666667185e-02
4.749999999999999778e-01 2.399999999999999911e-01 6.583333333333332704e-02 2.191666666666666763e-01
2.941666666666666874e-01 3.666666666666666685e-02 6.441666666666666652e-01 2.500000000000000139e-02
8.916666666666667185e-02 9.916666666666666685e-02 1.033333333333333326e-01 7.083333333333333703e-01
4.924999999999999933e-01 6.750000000000000444e-02 2.416666666666666616e-02 4.158333333333333326e-01
2.516666666666666496e-01 5.116666666666667140e-01 1.183333333333333320e-01 1.183333333333333320e-01
4.316666666666666430e-01 1.641666666666666552e-01 4.583333333333333010e-02 3.583333333333333370e-01
3.541666666666666852e-01 7.000000000000000666e-02 3.791666666666666519e-01 1.966666666666666563e-01
3.033333333333333437e-01 4.099999999999999756e-01 8.999999999999999667e-02 1.966666666666666563e-01
4.916666666666666408e-02 3.683333333333333459e-01 4.316666666666666430e-01 1.508333333333333470e-01
1.950000000000000067e-01 1.258333333333333248e-01 4.833333333333333232e-02 6.308333333333333570e-01
2.083333333333333426e-01 1.308333333333333293e-01 1.333333333333333419e-02 6.474999999999999645e-01
3.325000000000000178e-01 1.483333333333333448e-01 3.599999999999999867e-01 1.591666666666666785e-01
3.724999999999999978e-01 8.083333333333332649e-02 1.350000000000000089e-01 4.116666666666666807e-01
