5.466666666666666341e-01 5.999999999999999778e-02 2.916666666666666713e-02 3.641666666666666941e-01
4.333333333333333481e-01 2.025000000000000133e-01 1.799999999999999933e-01 1.841666666666666730e-01
3.133333333333333526e-01 1.250000000000000000e-01 4.483333333333333059e-01 1.133333333333333276e-01
1.125000000000000028e-01 2.283333333333333326e-01 4.074999999999999734e-01 2.516666666666666496e-01
2.358333333333333393e-01 4.741666666666666807e-01 9.249999999999999889e-02 1.975000000000000089e-01
2.583333333333333315e-02 2.516666666666666496e-01 1.908333333333333270e-01 5.316666666666666208e-01
3.350000000000000200e-01 5.791666666666667185e-01 8.000000000000000167e-02 5.833333333333333599e-03
2.441666666666666707e-01 5.533333333333333437e-01 2.166666666666666741e-02 1.808333333333333459e-01
6.366666666666667140e-01 2.141666666666666718e-01 1.366666666666666585e-01 1.250000000000000069e-02
2.583333333333333315e-02 1.049999999999999961e-01 4.675000000000000266e-01 4.016666666666666718e-01
8.333333333333333218e-03 5.408333333333333881e-01 3.250000000000000111e-01 1.258333333333333248e-01
1.433333333333333404e-01 4.849999999999999867e-01 1.641666666666666552e-01 2.074999999999999900e-01
1.300000000000000044e-01 7.299999999999999822e-01 1.666666666666666644e-02 1.233333333333333365e-01
4.908333333333333437e-01 2.874999999999999778e-01 5.416666666666666852e-02 1.675000000000000100e-01
2.508333333333333526e-01 1.975000000000000089e-01 3.916666666666666630e-01 1.600000000000000033e-01
1.783333333333333437e-01 5.258333333333333748e-01 1.183333333333333320e-01 1.774999999999999911e-01
6.250000000000000000e-02 6.674999999999999822e-01 1.158333333333333298e-01 1.541666666666666741e-01
3.333333333333333148e-01 6.250000000000000000e-02 5.400000000000000355e-01 6.416666666666666352e-02
