4.450000000000000067e-01 4.391666666666666496e-01 5.083333333333333454e-02 6.500000000000000222e-02
5.258333333333333748e-01 2.325000000000000122e-01 2.141666666666666718e-01 2.750000000000000014e-02
1.741666666666666641e-01 1.841666666666666730e-01 5.474999999999999867e-01 9.416666666666666241e-02
4.000000000000000222e-01 3.658333333333333437e-01 9.916666666666666685e-02 1.350000000000000089e-01
7.416666666666666963e-01 2.333333333333333440e-02 9.166666666666666713e-03 2.258333333333333304e-01
3.733333333333333504e-01 3.066666666666666430e-01 1.675000000000000100e-01 1.524999999999999967e-01
2.949999999999999845e-01 3.674999999999999933e-01 2.099999999999999922e-01 1.275000000000000022e-01
1.291666666666666796e-01 1.666666666666666774e-03 7.299999999999999822e-01 1.391666666666666607e-01
3.683333333333333459e-01 9.166666666666666713e-03 5.391666666666666829e-01 8.333333333333332871e-02
9.083333333333333537e-02 3.383333333333333193e-01 3.125000000000000000e-01 2.583333333333333592e-01
6.333333333333333870e-02 1.208333333333333343e-01 2.191666666666666763e-01 5.966666666666666785e-01
6.149999999999999911e-01 1.174999999999999933e-01 2.833333333333333190e-02 2.391666666666666663e-01
5.658333333333332993e-01 2.633333333333333082e-01 2.833333333333333190e-02 1.424999999999999878e-01
4.166666666666666435e-02 8.333333333333333868e-04 6.750000000000000444e-02 8.900000000000000133e-01
2.091666666666666674e-01 3.866666666666666585e-01 2.441666666666666707e-01 1.600000000000000033e-01
