7.016666666666666607e-01 1.724999999999999867e-01 9.249999999999999889e-02 3.333333333333333287e-02
1.908333333333333270e-01 2.525000000000000022e-01 2.383333333333333415e-01 3.183333333333333570e-01
5.866666666666666696e-01 3.041666666666666408e-01 1.666666666666666774e-03 1.074999999999999983e-01
5.999999999999999778e-02 1.991666666666666585e-01 2.241666666666666530e-01 5.166666666666667185e-01
3.250000000000000111e-02 1.575000000000000011e-01 2.666666666666666838e-02 7.833333333333333259e-01
2.108333333333333448e-01 2.200000000000000011e-01 5.450000000000000400e-01 2.416666666666666616e-02
7.000000000000000666e-02 8.250000000000000389e-02 5.458333333333332815e-01 3.016666666666666941e-01
8.841666666666666563e-01 5.249999999999999806e-02 3.583333333333333509e-02 2.750000000000000014e-02
1.125000000000000028e-01 4.683333333333333237e-01 1.558333333333333237e-01 2.633333333333333082e-01
1.391666666666666607e-01 1.333333333333333315e-01 1.333333333333333419e-02 7.141666666666666163e-01
2.049999999999999878e-01 4.525000000000000133e-01 6.666666666666666574e-02 2.758333333333333193e-01
3.091666666666666452e-01 3.166666666666666519e-01 2.808333333333333237e-01 9.333333333333333759e-02
1.675000000000000100e-01 2.374999999999999889e-01 3.716666666666666452e-01 2.233333333333333282e-01
1.866666666666666752e-01 4.566666666666666652e-01 2.924999999999999822e-01 6.416666666666666352e-02
1.416666666666666630e-01 5.249999999999999806e-02 6.975000000000000089e-01 1.083333333333333370e-01
