6.933333333333333570e-01 1.033333333333333326e-01 1.308333333333333293e-01 7.249999999999999500e-02
1.600000000000000033e-01 1.799999999999999933e-01 5.141666666666666607e-01 1.458333333333333426e-01
7.583333333333333592e-02 7.166666666666667018e-02 6.500000000000000222e-02 7.874999999999999778e-01
2.916666666666666852e-01 1.875000000000000000e-01 3.408333333333333215e-01 1.799999999999999933e-01
1.991666666666666585e-01 3.941666666666666652e-01 1.808333333333333459e-01 2.258333333333333304e-01
7.158333333333333215e-01 8.500000000000000611e-02 1.041666666666666713e-01 9.500000000000000111e-02
6.733333333333333393e-01 1.049999999999999961e-01 1.166666666666666685e-01 1.049999999999999961e-01
8.583333333333333093e-02 7.383333333333332860e-01 5.500000000000000028e-02 1.208333333333333343e-01
1.224999999999999978e-01 9.500000000000000111e-02 6.366666666666667140e-01 1.458333333333333426e-01
1.466666666666666674e-01 2.291666666666666574e-01 5.024999999999999467e-01 1.216666666666666730e-01
1.258333333333333248e-01 5.916666666666666741e-01 1.291666666666666796e-01 1.533333333333333215e-01
1.549999999999999989e-01 5.033333333333332993e-01 1.600000000000000033e-01 1.816666666666666707e-01
7.099999999999999645e-01 1.291666666666666796e-01 9.416666666666666241e-02 6.666666666666666574e-02
1.991666666666666585e-01 1.866666666666666752e-01 3.858333333333333059e-01 2.283333333333333326e-01
1.691666666666666596e-01 1.841666666666666730e-01 4.758333333333333304e-01 1.708333333333333370e-01
2.625000000000000111e-01 2.874999999999999778e-01 2.124999999999999944e-01 2.374999999999999889e-01
1.608333333333333282e-01 1.533333333333333215e-01 1.633333333333333304e-01 5.224999999999999645e-01
5.008333333333333526e-01 1.675000000000000100e-01 1.508333333333333470e-01 1.808333333333333459e-01
1.666666666666666574e-01 5.266666666666666163e-01 1.741666666666666641e-01 1.325000000000000067e-01
1.074999999999999983e-01 6.783333333333333437e-01 8.083333333333332649e-02 1.333333333333333315e-01
6.358333333333333615e-01 1.408333333333333381e-01 1.091666666666666619e-01 1.141666666666666663e-01
5.308333333333333792e-01 1.424999999999999878e-01 1.524999999999999967e-01 1.741666666666666641e-01
