5.166666666666666630e-02 1.558333333333333237e-01 2.999999999999999889e-01 4.924999999999999933e-01
2.591666666666666563e-01 9.333333333333333759e-02 2.833333333333333190e-02 6.191666666666666430e-01
1.174999999999999933e-01 3.941666666666666652e-01 1.700000000000000122e-01 3.183333333333333570e-01
9.916666666666666685e-02 7.508333333333333526e-01 7.666666666666666075e-02 7.333333333333333370e-02
2.399999999999999911e-01 1.900000000000000022e-01 4.258333333333333415e-01 1.441666666666666652e-01
4.000000000000000083e-02 2.416666666666666685e-01 2.916666666666666852e-01 4.266666666666666941e-01
4.841666666666666896e-01 5.833333333333333426e-02 4.491666666666666585e-01 8.333333333333333218e-03
1.708333333333333370e-01 9.916666666666666685e-02 3.558333333333333348e-01 3.741666666666666474e-01
3.666666666666666685e-02 5.833333333333333426e-02 4.000000000000000083e-02 8.649999999999999911e-01
3.375000000000000222e-01 4.141666666666666829e-01 2.750000000000000014e-02 2.208333333333333259e-01
5.291666666666666741e-01 2.550000000000000044e-01 4.083333333333333259e-02 1.749999999999999889e-01
1.641666666666666552e-01 8.333333333333333868e-04 5.891666666666666163e-01 2.458333333333333204e-01
4.616666666666666696e-01 1.024999999999999939e-01 3.649999999999999911e-01 7.083333333333333148e-02
5.333333333333333676e-02 5.791666666666667185e-01 1.666666666666666774e-03 3.658333333333333437e-01
