4.066666666666666763e-01 1.166666666666666685e-01 4.533333333333333104e-01 2.333333333333333440e-02
2.891666666666666829e-01 2.874999999999999778e-01 9.333333333333333759e-02 3.300000000000000155e-01
1.916666666666666519e-02 5.608333333333332948e-01 1.458333333333333426e-01 2.741666666666666696e-01
4.683333333333333237e-01 4.091666666666666785e-01 4.250000000000000305e-02 8.000000000000000167e-02
2.750000000000000014e-02 3.916666666666666907e-02 3.099999999999999978e-01 6.233333333333332948e-01
2.316666666666666596e-01 3.966666666666666674e-01 3.599999999999999867e-01 1.166666666666666720e-02
5.916666666666666602e-02 2.958333333333333370e-01 3.425000000000000266e-01 3.024999999999999911e-01
6.166666666666666824e-02 5.966666666666666785e-01 3.916666666666666907e-02 3.024999999999999911e-01
4.666666666666666879e-02 5.024999999999999467e-01 1.416666666666666630e-01 3.091666666666666452e-01
1.016666666666666691e-01 7.749999999999999944e-02 1.883333333333333248e-01 6.324999999999999512e-01
2.841666666666666785e-01 8.166666666666666519e-02 2.250000000000000056e-01 4.091666666666666785e-01
1.524999999999999967e-01 5.116666666666667140e-01 1.024999999999999939e-01 2.333333333333333370e-01
2.066666666666666652e-01 1.316666666666666541e-01 5.649999999999999467e-01 9.666666666666666463e-02
5.300000000000000266e-01 8.916666666666667185e-02 2.591666666666666563e-01 1.216666666666666730e-01
7.416666666666667240e-02 5.783333333333333659e-01 2.149999999999999967e-01 1.325000000000000067e-01
