4.333333333333333481e-02 2.500000000000000139e-02 1.983333333333333337e-01 7.333333333333332815e-01
3.683333333333333459e-01 1.675000000000000100e-01 4.500000000000000111e-01 1.416666666666666595e-02
5.166666666666666630e-02 1.100000000000000006e-01 5.250000000000000222e-01 3.133333333333333526e-01
1.524999999999999967e-01 2.533333333333333548e-01 1.275000000000000022e-01 4.666666666666666741e-01
5.500000000000000028e-02 1.524999999999999967e-01 6.866666666666666474e-01 1.058333333333333348e-01
1.741666666666666641e-01 2.516666666666666496e-01 1.441666666666666652e-01 4.299999999999999933e-01
4.041666666666666741e-01 2.416666666666666616e-02 7.083333333333333148e-02 5.008333333333333526e-01
6.416666666666666352e-02 4.216666666666666896e-01 4.400000000000000022e-01 7.416666666666667240e-02
7.000000000000000666e-02 1.658333333333333326e-01 3.866666666666666585e-01 3.775000000000000022e-01
2.575000000000000067e-01 1.516666666666666718e-01 3.308333333333333126e-01 2.600000000000000089e-01
5.508333333333332860e-01 1.833333333333333343e-02 3.991666666666666696e-01 3.166666666666666935e-02
3.049999999999999933e-01 2.933333333333333348e-01 2.399999999999999911e-01 1.616666666666666530e-01
1.491666666666666696e-01 5.541666666666666963e-01 5.249999999999999806e-02 2.441666666666666707e-01
1.408333333333333381e-01 7.099999999999999645e-01 8.583333333333333093e-02 6.333333333333333870e-02
