6.191666666666666430e-01 9.249999999999999889e-02 1.591666666666666785e-01 1.291666666666666796e-01
4.650000000000000244e-01 9.333333333333333759e-02 2.658333333333333104e-01 1.758333333333333415e-01
1.958333333333333315e-01 6.833333333333332926e-02 2.058333333333333404e-01 5.300000000000000266e-01
1.566666666666666763e-01 1.566666666666666763e-01 6.025000000000000355e-01 8.416666666666666741e-02
1.900000000000000022e-01 2.433333333333333459e-01 3.833333333333333592e-01 1.833333333333333204e-01
1.174999999999999933e-01 3.925000000000000155e-01 4.383333333333333526e-01 5.166666666666666630e-02
6.583333333333332704e-02 1.733333333333333393e-01 6.816666666666666430e-01 7.916666666666666297e-02
2.625000000000000111e-01 3.133333333333333526e-01 3.558333333333333348e-01 6.833333333333332926e-02
5.250000000000000222e-01 2.508333333333333526e-01 1.833333333333333343e-02 2.058333333333333404e-01
1.483333333333333448e-01 7.499999999999999722e-03 2.208333333333333259e-01 6.233333333333332948e-01
1.283333333333333270e-01 3.241666666666666585e-01 5.224999999999999645e-01 2.500000000000000139e-02
2.399999999999999911e-01 2.575000000000000067e-01 1.824999999999999956e-01 3.200000000000000067e-01
8.333333333333332871e-02 3.183333333333333570e-01 4.450000000000000067e-01 1.533333333333333215e-01
5.583333333333333204e-02 4.816666666666666874e-01 2.233333333333333282e-01 2.391666666666666663e-01
3.383333333333333193e-01 1.891666666666666774e-01 1.758333333333333415e-01 2.966666666666666896e-01
3.183333333333333570e-01 3.908333333333333104e-01 2.833333333333333259e-01 7.499999999999999722e-03
2.575000000000000067e-01 2.508333333333333526e-01 3.841666666666666563e-01 1.074999999999999983e-01
1.183333333333333320e-01 2.124999999999999944e-01 2.349999999999999867e-01 4.341666666666666452e-01
3.275000000000000133e-01 3.533333333333333326e-01 2.583333333333333592e-01 6.083333333333333648e-02
2.399999999999999911e-01 2.908333333333333326e-01 3.883333333333333082e-01 8.083333333333332649e-02
1.474999999999999922e-01 1.858333333333333226e-01 3.841666666666666563e-01 2.824999999999999734e-01
