7.833333333333333814e-02 4.266666666666666941e-01 5.000000000000000278e-02 4.450000000000000067e-01
1.016666666666666691e-01 1.375000000000000111e-01 1.449999999999999900e-01 6.158333333333333437e-01
4.749999999999999778e-01 4.833333333333333232e-02 3.341666666666666674e-01 1.424999999999999878e-01
4.691666666666666763e-01 2.916666666666666713e-02 1.074999999999999983e-01 3.941666666666666652e-01
5.683333333333333570e-01 2.174999999999999989e-01 1.408333333333333381e-01 7.333333333333333370e-02
1.750000000000000167e-02 3.858333333333333059e-01 2.750000000000000222e-01 3.216666666666666563e-01
3.666666666666666685e-02 7.016666666666666607e-01 1.391666666666666607e-01 1.224999999999999978e-01
1.416666666666666630e-01 3.483333333333333282e-01 2.099999999999999922e-01 2.999999999999999889e-01
4.191666666666666874e-01 1.400000000000000133e-01 3.391666666666666718e-01 1.016666666666666691e-01
1.433333333333333404e-01 4.891666666666666941e-01 4.000000000000000083e-02 3.275000000000000133e-01
4.066666666666666763e-01 4.924999999999999933e-01 8.416666666666666741e-02 1.666666666666666644e-02
3.683333333333333459e-01 1.000000000000000021e-02 2.983333333333333393e-01 3.233333333333333059e-01
8.749999999999999445e-02 6.341666666666666563e-01 5.833333333333333599e-03 2.725000000000000200e-01
6.750000000000000444e-02 4.283333333333333437e-01 8.333333333333332871e-02 4.208333333333333370e-01
1.616666666666666530e-01 1.233333333333333365e-01 4.866666666666666918e-01 2.283333333333333326e-01
