6.324999999999999512e-01 4.333333333333333481e-02 6.666666666666666574e-02 2.575000000000000067e-01
1.033333333333333326e-01 1.641666666666666552e-01 2.016666666666666607e-01 5.308333333333333792e-01
8.999999999999999667e-02 3.641666666666666941e-01 1.816666666666666707e-01 3.641666666666666941e-01
9.508333333333333082e-01 1.750000000000000167e-02 4.166666666666666609e-03 2.750000000000000014e-02
3.008333333333333415e-01 6.250000000000000000e-02 3.566666666666666874e-01 2.800000000000000266e-01
2.550000000000000044e-01 6.166666666666666963e-01 7.166666666666667018e-02 5.666666666666666380e-02
2.000000000000000042e-02 1.291666666666666796e-01 6.724999999999999867e-01 1.783333333333333437e-01
7.199999999999999734e-01 1.133333333333333276e-01 1.433333333333333404e-01 2.333333333333333440e-02
2.083333333333333426e-01 1.250000000000000069e-02 1.499999999999999944e-01 6.291666666666666519e-01
1.100000000000000006e-01 1.116666666666666641e-01 7.016666666666666607e-01 7.666666666666666075e-02
1.291666666666666796e-01 1.941666666666666541e-01 1.716666666666666619e-01 5.050000000000000044e-01
3.375000000000000222e-01 3.699999999999999956e-01 3.583333333333333509e-02 2.566666666666666541e-01
