1.199999999999999956e-01 7.166666666666667018e-02 6.608333333333333837e-01 1.474999999999999922e-01
8.108333333333332948e-01 8.333333333333333218e-03 1.266666666666666774e-01 5.416666666666666852e-02
3.766666666666666496e-01 5.249999999999999806e-02 1.716666666666666619e-01 3.991666666666666696e-01
1.524999999999999967e-01 2.616666666666666585e-01 5.124999999999999556e-01 7.333333333333333370e-02
7.125000000000000222e-01 1.383333333333333359e-01 7.000000000000000666e-02 7.916666666666666297e-02
4.833333333333333232e-02 1.925000000000000044e-01 1.125000000000000028e-01 6.466666666666666119e-01
4.508333333333333082e-01 1.408333333333333381e-01 2.591666666666666563e-01 1.491666666666666696e-01
1.266666666666666774e-01 4.749999999999999778e-01 2.641666666666666607e-01 1.341666666666666563e-01
4.083333333333333259e-01 1.958333333333333315e-01 3.366666666666666696e-01 5.916666666666666602e-02
2.525000000000000022e-01 4.783333333333333326e-01 6.916666666666666796e-02 2.000000000000000111e-01
2.874999999999999778e-01 6.400000000000000133e-01 4.833333333333333232e-02 2.416666666666666616e-02
1.150000000000000050e-01 5.191666666666666652e-01 1.333333333333333315e-01 2.325000000000000122e-01
1.358333333333333337e-01 6.250000000000000000e-02 4.116666666666666807e-01 3.900000000000000133e-01
2.874999999999999778e-01 2.700000000000000178e-01 4.833333333333333232e-02 3.941666666666666652e-01
1.458333333333333426e-01 8.500000000000000611e-02 2.416666666666666685e-01 5.274999999999999689e-01
