5.925000000000000266e-01 2.683333333333333126e-01 1.233333333333333365e-01 1.583333333333333467e-02
7.341666666666666341e-01 1.474999999999999922e-01 1.183333333333333320e-01 0.000000000000000000e+00
1.758333333333333415e-01 1.416666666666666595e-02 4.566666666666666652e-01 3.533333333333333326e-01
3.233333333333333059e-01 5.916666666666666741e-01 6.333333333333333870e-02 2.166666666666666741e-02
6.891666666666667052e-01 3.583333333333333509e-02 1.925000000000000044e-01 8.250000000000000389e-02
5.666666666666666380e-02 4.216666666666666896e-01 2.816666666666666763e-01 2.399999999999999911e-01
1.549999999999999989e-01 5.083333333333333454e-02 2.716666666666666674e-01 5.224999999999999645e-01
2.750000000000000014e-02 2.158333333333333215e-01 4.716666666666666785e-01 2.849999999999999756e-01
5.500000000000000028e-02 2.133333333333333470e-01 2.916666666666666713e-02 7.025000000000000133e-01
2.233333333333333282e-01 3.158333333333333548e-01 4.316666666666666430e-01 2.916666666666666713e-02
2.983333333333333393e-01 2.275000000000000078e-01 4.608333333333333171e-01 1.333333333333333419e-02
3.150000000000000022e-01 3.750000000000000000e-01 1.266666666666666774e-01 1.833333333333333204e-01
4.650000000000000244e-01 1.908333333333333270e-01 3.341666666666666674e-01 1.000000000000000021e-02
1.533333333333333215e-01 5.016666666666667052e-01 3.208333333333333592e-01 2.416666666666666616e-02
2.108333333333333448e-01 8.749999999999999445e-02 4.400000000000000022e-01 2.616666666666666585e-01
1.575000000000000011e-01 4.108333333333333282e-01 2.124999999999999944e-01 2.191666666666666763e-01
8.083333333333332649e-02 3.716666666666666452e-01 4.749999999999999778e-01 7.249999999999999500e-02
