6.966666666666666563e-01 1.600000000000000033e-01 1.174999999999999933e-01 2.583333333333333315e-02
2.833333333333333259e-01 4.516666666666666607e-01 5.416666666666666852e-02 2.108333333333333448e-01
7.000000000000000666e-02 2.166666666666666741e-01 7.108333333333333171e-01 2.500000000000000052e-03
5.074999999999999512e-01 4.750000000000000056e-02 4.499999999999999833e-02 4.000000000000000222e-01
2.500000000000000052e-03 5.825000000000000178e-01 2.083333333333333426e-01 2.066666666666666652e-01
4.058333333333333237e-01 2.108333333333333448e-01 1.166666666666666720e-02 3.716666666666666452e-01
4.608333333333333171e-01 1.666666666666666774e-03 3.341666666666666674e-01 2.033333333333333381e-01
4.458333333333333592e-01 1.783333333333333437e-01 2.833333333333333259e-01 9.249999999999999889e-02
1.833333333333333343e-02 8.183333333333333570e-01 1.208333333333333343e-01 4.250000000000000305e-02
3.016666666666666941e-01 6.033333333333333881e-01 8.749999999999999445e-02 7.499999999999999722e-03
1.150000000000000050e-01 1.950000000000000067e-01 6.758333333333332860e-01 1.416666666666666595e-02
3.733333333333333504e-01 9.166666666666666713e-03 6.500000000000000222e-02 5.524999999999999911e-01
