1.499999999999999944e-02 4.166666666666666609e-03 1.858333333333333226e-01 7.950000000000000400e-01
4.499999999999999833e-02 4.916666666666666408e-01 1.441666666666666652e-01 3.191666666666666541e-01
4.299999999999999933e-01 1.700000000000000122e-01 3.083333333333333412e-02 3.691666666666666430e-01
2.816666666666666763e-01 3.691666666666666430e-01 5.833333333333333426e-02 2.908333333333333326e-01
4.866666666666666918e-01 1.308333333333333293e-01 2.349999999999999867e-01 1.474999999999999922e-01
2.750000000000000014e-02 2.466666666666666730e-01 3.008333333333333415e-01 4.249999999999999889e-01
4.291666666666666408e-01 3.574999999999999845e-01 1.183333333333333320e-01 9.500000000000000111e-02
3.258333333333333082e-01 2.874999999999999778e-01 3.158333333333333548e-01 7.083333333333333148e-02
3.383333333333333193e-01 4.916666666666666408e-01 1.591666666666666785e-01 1.083333333333333370e-02
1.958333333333333315e-01 7.241666666666666252e-01 8.333333333333333218e-03 7.166666666666667018e-02
3.916666666666666907e-02 2.233333333333333282e-01 5.158333333333333659e-01 2.216666666666666785e-01
3.866666666666666585e-01 2.258333333333333304e-01 4.250000000000000305e-02 3.449999999999999734e-01
5.666666666666666380e-02 5.750000000000000250e-02 1.700000000000000122e-01 7.158333333333333215e-01
1.841666666666666730e-01 2.250000000000000056e-01 1.416666666666666630e-01 4.491666666666666585e-01
3.141666666666666496e-01 4.333333333333333481e-02 1.741666666666666641e-01 4.683333333333333237e-01
1.433333333333333404e-01 3.250000000000000111e-02 3.658333333333333437e-01 4.583333333333333148e-01
1.524999999999999967e-01 3.266666666666666607e-01 3.483333333333333282e-01 1.724999999999999867e-01
1.424999999999999878e-01 4.083333333333333259e-01 1.958333333333333315e-01 2.533333333333333548e-01
