3.616666666666666918e-01 5.024999999999999467e-01 3.916666666666666907e-02 9.666666666666666463e-02
4.675000000000000266e-01 2.250000000000000056e-01 3.749999999999999861e-02 2.700000000000000178e-01
2.858333333333333282e-01 3.191666666666666541e-01 2.841666666666666785e-01 1.108333333333333393e-01
4.616666666666666696e-01 1.683333333333333348e-01 2.725000000000000200e-01 9.750000000000000333e-02
2.500000000000000052e-03 9.416666666666666241e-02 6.591666666666666785e-01 2.441666666666666707e-01
5.083333333333333454e-02 9.666666666666666463e-02 2.174999999999999989e-01 6.350000000000000089e-01
3.058333333333333459e-01 1.900000000000000022e-01 3.083333333333333412e-02 4.733333333333333282e-01
4.166666666666666435e-02 4.808333333333333348e-01 8.999999999999999667e-02 3.875000000000000111e-01
8.733333333333332948e-01 3.583333333333333509e-02 2.249999999999999917e-02 6.833333333333332926e-02
1.916666666666666796e-01 4.833333333333333370e-01 3.125000000000000000e-01 1.250000000000000069e-02
4.074999999999999734e-01 2.491666666666666752e-01 2.074999999999999900e-01 1.358333333333333337e-01
7.499999999999999722e-03 3.325000000000000178e-01 5.699999999999999512e-01 8.999999999999999667e-02
6.750000000000000444e-01 1.416666666666666630e-01 1.791666666666666685e-01 4.166666666666666609e-03
1.350000000000000089e-01 3.024999999999999911e-01 2.725000000000000200e-01 2.899999999999999800e-01
6.833333333333332926e-02 2.016666666666666607e-01 4.099999999999999756e-01 3.200000000000000067e-01
1.908333333333333270e-01 4.583333333333333148e-01 1.858333333333333226e-01 1.650000000000000078e-01
1.991666666666666585e-01 1.433333333333333404e-01 5.966666666666666785e-01 6.083333333333333648e-02
4.224999999999999867e-01 5.166666666666666630e-02 3.074999999999999956e-01 2.183333333333333237e-01
