5.233333333333333171e-01 2.916666666666666713e-02 2.866666666666666807e-01 1.608333333333333282e-01
4.408333333333333548e-01 4.291666666666666408e-01 2.583333333333333315e-02 1.041666666666666713e-01
0.000000000000000000e+00 2.625000000000000111e-01 7.125000000000000222e-01 2.500000000000000139e-02
4.000000000000000083e-02 7.749999999999999944e-02 6.099999999999999867e-01 2.725000000000000200e-01
7.249999999999999500e-02 7.658333333333333659e-01 1.499999999999999944e-01 1.166666666666666720e-02
2.924999999999999822e-01 2.008333333333333359e-01 2.500000000000000139e-02 4.816666666666666874e-01
3.916666666666666907e-02 2.983333333333333393e-01 6.583333333333333259e-01 4.166666666666666609e-03
4.575000000000000178e-01 1.233333333333333365e-01 6.916666666666666796e-02 3.499999999999999778e-01
3.500000000000000333e-02 2.191666666666666763e-01 2.691666666666666652e-01 4.766666666666666829e-01
3.975000000000000200e-01 1.091666666666666619e-01 3.383333333333333193e-01 1.549999999999999989e-01
1.316666666666666541e-01 4.916666666666666408e-01 1.333333333333333419e-02 3.633333333333333415e-01
4.000000000000000222e-01 1.325000000000000067e-01 2.691666666666666652e-01 1.983333333333333337e-01
6.141666666666666385e-01 1.983333333333333337e-01 5.333333333333333676e-02 1.341666666666666563e-01
1.158333333333333298e-01 4.949999999999999956e-01 1.233333333333333365e-01 2.658333333333333104e-01
1.141666666666666663e-01 1.750000000000000167e-02 6.324999999999999512e-01 2.358333333333333393e-01
