4.425000000000000044e-01 2.500000000000000139e-02 3.883333333333333082e-01 1.441666666666666652e-01
3.533333333333333326e-01 5.350000000000000311e-01 1.024999999999999939e-01 9.166666666666666713e-03
6.516666666666666163e-01 6.666666666666667095e-03 3.200000000000000067e-01 2.166666666666666741e-02
2.500000000000000052e-03 1.466666666666666674e-01 2.083333333333333218e-02 8.299999999999999600e-01
6.916666666666666796e-02 1.766666666666666663e-01 4.774999999999999800e-01 2.766666666666666718e-01
2.500000000000000052e-03 2.416666666666666685e-01 3.583333333333333370e-01 3.975000000000000200e-01
2.366666666666666641e-01 3.308333333333333126e-01 1.158333333333333298e-01 3.166666666666666519e-01
5.433333333333333348e-01 3.133333333333333526e-01 1.066666666666666735e-01 3.666666666666666685e-02
1.100000000000000006e-01 1.433333333333333404e-01 9.833333333333332815e-02 6.483333333333333171e-01
5.408333333333333881e-01 1.400000000000000133e-01 3.125000000000000000e-01 6.666666666666667095e-03
1.424999999999999878e-01 4.000000000000000083e-02 1.333333333333333419e-02 8.041666666666666963e-01
1.858333333333333226e-01 5.124999999999999556e-01 2.275000000000000078e-01 7.416666666666667240e-02
1.950000000000000067e-01 8.166666666666666519e-02 2.550000000000000044e-01 4.683333333333333237e-01
