4.250000000000000305e-02 5.649999999999999467e-01 1.449999999999999900e-01 2.474999999999999978e-01
2.000000000000000111e-01 6.158333333333333437e-01 1.558333333333333237e-01 2.833333333333333190e-02
2.333333333333333440e-02 3.333333333333333547e-03 3.583333333333333509e-02 9.375000000000000000e-01
4.575000000000000178e-01 2.333333333333333440e-02 5.100000000000000089e-01 9.166666666666666713e-03
3.599999999999999867e-01 1.766666666666666663e-01 1.125000000000000028e-01 3.508333333333333304e-01
1.658333333333333326e-01 7.416666666666667240e-02 4.983333333333333504e-01 2.616666666666666585e-01
9.416666666666666241e-02 1.958333333333333315e-01 1.774999999999999911e-01 5.324999999999999734e-01
1.066666666666666735e-01 2.166666666666666741e-01 5.916666666666666741e-01 8.500000000000000611e-02
1.216666666666666730e-01 6.583333333333332704e-02 7.349999999999999867e-01 7.749999999999999944e-02
8.041666666666666963e-01 1.666666666666666644e-02 1.250000000000000000e-01 5.416666666666666852e-02
2.408333333333333437e-01 7.583333333333333592e-02 1.125000000000000028e-01 5.708333333333333037e-01
8.083333333333332649e-02 3.300000000000000155e-01 3.183333333333333570e-01 2.708333333333333148e-01
2.399999999999999911e-01 2.608333333333333059e-01 3.766666666666666496e-01 1.224999999999999978e-01
