1.300000000000000044e-01 3.699999999999999956e-01 3.083333333333333412e-02 4.691666666666666763e-01
1.241666666666666613e-01 4.508333333333333082e-01 1.300000000000000044e-01 2.949999999999999845e-01
2.016666666666666607e-01 2.166666666666666741e-01 1.691666666666666596e-01 4.124999999999999778e-01
8.666666666666666963e-02 5.074999999999999512e-01 3.191666666666666541e-01 8.666666666666666963e-02
2.700000000000000178e-01 1.766666666666666663e-01 3.166666666666666519e-01 2.366666666666666641e-01
6.750000000000000444e-01 2.391666666666666663e-01 8.416666666666666741e-02 1.666666666666666774e-03
3.916666666666666907e-02 7.125000000000000222e-01 1.258333333333333248e-01 1.224999999999999978e-01
1.683333333333333348e-01 7.608333333333333615e-01 4.250000000000000305e-02 2.833333333333333190e-02
6.833333333333332926e-02 6.666666666666666574e-02 7.183333333333333792e-01 1.466666666666666674e-01
1.541666666666666741e-01 3.158333333333333548e-01 2.349999999999999867e-01 2.949999999999999845e-01
1.541666666666666741e-01 8.250000000000000389e-02 1.275000000000000022e-01 6.358333333333333615e-01
4.641666666666666718e-01 1.233333333333333365e-01 2.066666666666666652e-01 2.058333333333333404e-01
6.250000000000000000e-01 2.725000000000000200e-01 5.166666666666666630e-02 5.083333333333333454e-02
7.483333333333332948e-01 2.916666666666666713e-02 1.925000000000000044e-01 2.999999999999999889e-02
