1.950000000000000067e-01 5.841666666666666119e-01 1.958333333333333315e-01 2.500000000000000139e-02
2.233333333333333282e-01 1.233333333333333365e-01 4.391666666666666496e-01 2.141666666666666718e-01
4.033333333333333215e-01 2.008333333333333359e-01 2.141666666666666718e-01 1.816666666666666707e-01
1.100000000000000006e-01 2.275000000000000078e-01 3.500000000000000333e-02 6.274999999999999467e-01
3.250000000000000111e-02 4.508333333333333082e-01 2.924999999999999822e-01 2.241666666666666530e-01
1.224999999999999978e-01 2.949999999999999845e-01 6.916666666666666796e-02 5.133333333333333082e-01
3.825000000000000067e-01 2.583333333333333592e-01 1.983333333333333337e-01 1.608333333333333282e-01
2.608333333333333059e-01 2.249999999999999917e-02 7.149999999999999689e-01 1.666666666666666774e-03
4.841666666666666896e-01 3.599999999999999867e-01 5.333333333333333676e-02 1.024999999999999939e-01
9.416666666666666241e-02 2.949999999999999845e-01 6.041666666666666297e-01 6.666666666666667095e-03
2.941666666666666874e-01 1.166666666666666720e-02 3.574999999999999845e-01 3.366666666666666696e-01
4.166666666666666435e-02 3.266666666666666607e-01 2.124999999999999944e-01 4.191666666666666874e-01
7.416666666666667240e-02 5.683333333333333570e-01 2.658333333333333104e-01 9.166666666666666019e-02
4.324999999999999956e-01 8.999999999999999667e-02 1.750000000000000167e-02 4.600000000000000200e-01
1.108333333333333393e-01 2.449999999999999956e-01 3.950000000000000178e-01 2.491666666666666752e-01
4.149999999999999800e-01 8.333333333333333868e-04 9.666666666666666463e-02 4.874999999999999889e-01
1.216666666666666730e-01 4.891666666666666941e-01 8.166666666666666519e-02 3.074999999999999956e-01
1.683333333333333348e-01 2.949999999999999845e-01 1.400000000000000133e-01 3.966666666666666674e-01
