1.150000000000000050e-01 5.591666666666667007e-01 1.841666666666666730e-01 1.416666666666666630e-01
5.066666666666667096e-01 9.750000000000000333e-02 8.583333333333333093e-02 3.099999999999999978e-01
1.633333333333333304e-01 2.658333333333333104e-01 3.408333333333333215e-01 2.300000000000000100e-01
3.358333333333333171e-01 4.458333333333333592e-01 1.199999999999999956e-01 9.833333333333332815e-02
1.675000000000000100e-01 2.241666666666666530e-01 3.791666666666666519e-01 2.291666666666666574e-01
4.124999999999999778e-01 8.666666666666666963e-02 1.841666666666666730e-01 3.166666666666666519e-01
4.366666666666666474e-01 1.358333333333333337e-01 1.250000000000000069e-02 4.149999999999999800e-01
1.066666666666666735e-01 1.666666666666666574e-01 3.950000000000000178e-01 3.316666666666666652e-01
1.058333333333333348e-01 6.500000000000000222e-02 5.008333333333333526e-01 3.283333333333333104e-01
5.191666666666666652e-01 1.783333333333333437e-01 2.741666666666666696e-01 2.833333333333333190e-02
1.066666666666666735e-01 5.424999999999999822e-01 7.083333333333333148e-02 2.800000000000000266e-01
1.424999999999999878e-01 5.474999999999999867e-01 1.208333333333333343e-01 1.891666666666666774e-01
2.291666666666666574e-01 2.208333333333333259e-01 2.733333333333333171e-01 2.766666666666666718e-01
6.166666666666666824e-02 8.083333333333332649e-02 7.216666666666666785e-01 1.358333333333333337e-01
2.191666666666666763e-01 4.149999999999999800e-01 8.083333333333332649e-02 2.849999999999999756e-01
2.908333333333333326e-01 4.241666666666666918e-01 1.866666666666666752e-01 9.833333333333332815e-02
7.833333333333333814e-02 8.916666666666667185e-02 5.283333333333333215e-01 3.041666666666666408e-01
1.983333333333333337e-01 5.699999999999999512e-01 1.975000000000000089e-01 3.416666666666666463e-02
1.308333333333333293e-01 5.600000000000000533e-01 1.841666666666666730e-01 1.250000000000000000e-01
4.208333333333333370e-01 2.041666666666666630e-01 1.716666666666666619e-01 2.033333333333333381e-01
1.750000000000000167e-02 2.408333333333333437e-01 4.158333333333333326e-01 3.258333333333333082e-01
8.500000000000000611e-02 2.341666666666666619e-01 9.916666666666666685e-02 5.816666666666666652e-01
1.658333333333333326e-01 2.650000000000000133e-01 2.466666666666666730e-01 3.225000000000000089e-01
6.258333333333333526e-01 1.733333333333333393e-01 1.258333333333333248e-01 7.499999999999999722e-02
