9.033333333333333215e-01 7.499999999999999722e-02 3.333333333333333547e-03 1.833333333333333343e-02
6.774999999999999911e-01 5.833333333333333599e-03 1.166666666666666720e-02 3.049999999999999933e-01
9.833333333333332815e-02 3.375000000000000222e-01 4.216666666666666896e-01 1.424999999999999878e-01
3.641666666666666941e-01 0.000000000000000000e+00 4.891666666666666941e-01 1.466666666666666674e-01
1.833333333333333204e-01 2.166666666666666741e-01 5.250000000000000222e-01 7.499999999999999722e-02
1.258333333333333248e-01 1.458333333333333426e-01 4.666666666666666741e-01 2.616666666666666585e-01
1.833333333333333343e-02 3.916666666666666907e-02 5.266666666666666163e-01 4.158333333333333326e-01
4.783333333333333326e-01 3.066666666666666430e-01 1.166666666666666720e-02 2.033333333333333381e-01
4.166666666666666852e-01 2.049999999999999878e-01 2.641666666666666607e-01 1.141666666666666663e-01
1.008333333333333304e-01 2.625000000000000111e-01 4.400000000000000022e-01 1.966666666666666563e-01
6.083333333333333648e-02 2.583333333333333315e-02 2.116666666666666696e-01 7.016666666666666607e-01
7.233333333333333837e-01 5.416666666666666852e-02 1.358333333333333337e-01 8.666666666666666963e-02
4.266666666666666941e-01 4.124999999999999778e-01 6.500000000000000222e-02 9.583333333333333981e-02
3.466666666666666785e-01 3.649999999999999911e-01 1.283333333333333270e-01 1.600000000000000033e-01
3.691666666666666430e-01 3.833333333333333592e-01 1.641666666666666552e-01 8.333333333333332871e-02
