5.541666666666666963e-01 1.616666666666666530e-01 5.666666666666666380e-02 2.275000000000000078e-01
1.433333333333333404e-01 6.099999999999999867e-01 8.000000000000000167e-02 1.666666666666666574e-01
7.916666666666666297e-02 4.250000000000000305e-02 5.699999999999999512e-01 3.083333333333333481e-01
3.466666666666666785e-01 8.749999999999999445e-02 2.166666666666666741e-01 3.491666666666666807e-01
2.158333333333333215e-01 4.916666666666666408e-02 2.758333333333333193e-01 4.591666666666666674e-01
2.091666666666666674e-01 2.833333333333333259e-01 3.366666666666666696e-01 1.708333333333333370e-01
1.799999999999999933e-01 3.275000000000000133e-01 2.441666666666666707e-01 2.483333333333333226e-01
1.658333333333333326e-01 5.849999999999999645e-01 6.583333333333332704e-02 1.833333333333333204e-01
4.033333333333333215e-01 2.025000000000000133e-01 2.899999999999999800e-01 1.041666666666666713e-01
4.025000000000000244e-01 3.666666666666666685e-02 4.141666666666666829e-01 1.466666666666666674e-01
1.474999999999999922e-01 1.358333333333333337e-01 4.391666666666666496e-01 2.775000000000000244e-01
2.066666666666666652e-01 1.033333333333333326e-01 2.000000000000000111e-01 4.899999999999999911e-01
3.991666666666666696e-01 1.724999999999999867e-01 2.883333333333333304e-01 1.400000000000000133e-01
5.350000000000000311e-01 1.833333333333333343e-02 2.991666666666666918e-01 1.474999999999999922e-01
2.249999999999999917e-02 4.358333333333333504e-01 9.083333333333333537e-02 4.508333333333333082e-01
1.350000000000000089e-01 6.191666666666666430e-01 1.008333333333333304e-01 1.449999999999999900e-01
4.091666666666666785e-01 1.516666666666666718e-01 2.700000000000000178e-01 1.691666666666666596e-01
1.700000000000000122e-01 3.975000000000000200e-01 3.549999999999999822e-01 7.749999999999999944e-02
2.316666666666666596e-01 1.091666666666666619e-01 3.541666666666666852e-01 3.049999999999999933e-01
5.833333333333333426e-02 1.000000000000000056e-01 6.624999999999999778e-01 1.791666666666666685e-01
4.616666666666666696e-01 1.824999999999999956e-01 1.424999999999999878e-01 2.133333333333333470e-01
3.300000000000000155e-01 4.491666666666666585e-01 1.583333333333333259e-01 6.250000000000000000e-02
