3.858333333333333059e-01 5.583333333333333204e-02 4.016666666666666718e-01 1.566666666666666763e-01
1.566666666666666763e-01 3.241666666666666585e-01 2.733333333333333171e-01 2.458333333333333204e-01
1.466666666666666674e-01 3.141666666666666496e-01 1.208333333333333343e-01 4.183333333333333348e-01
2.458333333333333204e-01 1.366666666666666585e-01 3.716666666666666452e-01 2.458333333333333204e-01
2.666666666666666630e-01 1.700000000000000122e-01 2.916666666666666852e-01 2.716666666666666674e-01
2.650000000000000133e-01 1.783333333333333437e-01 3.033333333333333437e-01 2.533333333333333548e-01
5.716666666666666563e-01 2.474999999999999978e-01 9.166666666666666713e-03 1.716666666666666619e-01
3.508333333333333304e-01 1.166666666666666685e-01 3.166666666666666519e-01 2.158333333333333215e-01
2.766666666666666718e-01 6.166666666666666824e-02 5.966666666666666785e-01 6.500000000000000222e-02
3.316666666666666652e-01 1.250000000000000069e-02 2.874999999999999778e-01 3.683333333333333459e-01
2.416666666666666616e-02 6.524999999999999689e-01 1.300000000000000044e-01 1.933333333333333293e-01
4.741666666666666807e-01 2.625000000000000111e-01 1.133333333333333276e-01 1.499999999999999944e-01
1.841666666666666730e-01 1.433333333333333404e-01 6.033333333333333881e-01 6.916666666666666796e-02
4.233333333333333393e-01 2.266666666666666552e-01 2.758333333333333193e-01 7.416666666666667240e-02
1.991666666666666585e-01 3.691666666666666430e-01 1.941666666666666541e-01 2.374999999999999889e-01
1.074999999999999983e-01 5.091666666666666563e-01 2.741666666666666696e-01 1.091666666666666619e-01
3.841666666666666563e-01 3.341666666666666674e-01 1.433333333333333404e-01 1.383333333333333359e-01
5.258333333333333748e-01 2.091666666666666674e-01 2.516666666666666496e-01 1.333333333333333419e-02
1.566666666666666763e-01 2.000000000000000111e-01 9.083333333333333537e-02 5.524999999999999911e-01
5.883333333333333748e-01 6.583333333333332704e-02 1.941666666666666541e-01 1.516666666666666718e-01
8.000000000000000167e-02 1.591666666666666785e-01 7.308333333333333348e-01 2.999999999999999889e-02
5.666666666666666380e-02 1.808333333333333459e-01 1.266666666666666774e-01 6.358333333333333615e-01
1.916666666666666796e-01 1.583333333333333259e-01 3.966666666666666674e-01 2.533333333333333548e-01
