2.958333333333333370e-01 1.183333333333333320e-01 8.916666666666667185e-02 4.966666666666666452e-01
4.558333333333333126e-01 3.425000000000000266e-01 1.166666666666666685e-01 8.500000000000000611e-02
5.000000000000000000e-01 5.999999999999999778e-02 3.341666666666666674e-01 1.058333333333333348e-01
1.158333333333333298e-01 1.174999999999999933e-01 5.699999999999999512e-01 1.966666666666666563e-01
6.500000000000000222e-02 2.091666666666666674e-01 2.533333333333333548e-01 4.724999999999999756e-01
4.525000000000000133e-01 2.508333333333333526e-01 2.283333333333333326e-01 6.833333333333332926e-02
2.008333333333333359e-01 3.400000000000000244e-01 2.041666666666666630e-01 2.550000000000000044e-01
2.500000000000000052e-03 1.916666666666666519e-02 6.241666666666666474e-01 3.541666666666666852e-01
1.141666666666666663e-01 2.233333333333333282e-01 5.374999999999999778e-01 1.250000000000000000e-01
2.966666666666666896e-01 2.858333333333333282e-01 3.875000000000000111e-01 2.999999999999999889e-02
2.399999999999999911e-01 2.841666666666666785e-01 1.666666666666666644e-02 4.591666666666666674e-01
2.625000000000000111e-01 1.125000000000000028e-01 1.150000000000000050e-01 5.100000000000000089e-01
5.191666666666666652e-01 1.241666666666666613e-01 2.583333333333333592e-01 9.833333333333332815e-02
4.266666666666666941e-01 3.024999999999999911e-01 2.066666666666666652e-01 6.416666666666666352e-02
7.924999999999999822e-01 1.000000000000000021e-02 8.500000000000000611e-02 1.125000000000000028e-01
1.066666666666666735e-01 2.550000000000000044e-01 2.974999999999999867e-01 3.408333333333333215e-01
4.708333333333333259e-01 6.333333333333333870e-02 1.566666666666666763e-01 3.091666666666666452e-01
1.275000000000000022e-01 4.358333333333333504e-01 2.349999999999999867e-01 2.016666666666666607e-01
2.833333333333333259e-01 1.449999999999999900e-01 2.924999999999999822e-01 2.791666666666666741e-01
1.016666666666666691e-01 4.450000000000000067e-01 2.999999999999999889e-01 1.533333333333333215e-01
2.591666666666666563e-01 2.408333333333333437e-01 1.325000000000000067e-01 3.674999999999999933e-01
2.333333333333333370e-01 4.108333333333333282e-01 2.366666666666666641e-01 1.191666666666666707e-01
