1.625000000000000056e-01 2.516666666666666496e-01 5.675000000000000044e-01 1.833333333333333343e-02
5.808333333333333126e-01 2.733333333333333171e-01 8.999999999999999667e-02 5.583333333333333204e-02
4.375000000000000000e-01 2.833333333333333190e-02 4.691666666666666763e-01 6.500000000000000222e-02
2.775000000000000244e-01 2.575000000000000067e-01 4.116666666666666807e-01 5.333333333333333676e-02
4.541666666666666630e-01 3.166666666666666935e-02 4.633333333333333193e-01 5.083333333333333454e-02
7.983333333333333393e-01 2.999999999999999889e-02 1.116666666666666641e-01 5.999999999999999778e-02
1.841666666666666730e-01 4.833333333333333232e-02 5.066666666666667096e-01 2.608333333333333059e-01
4.066666666666666763e-01 6.750000000000000444e-02 8.833333333333333315e-02 4.375000000000000000e-01
2.558333333333333570e-01 8.749999999999999445e-02 4.466666666666666563e-01 2.099999999999999922e-01
8.500000000000000611e-02 7.249999999999999500e-02 5.441666666666666874e-01 2.983333333333333393e-01
2.174999999999999989e-01 2.358333333333333393e-01 1.258333333333333248e-01 4.208333333333333370e-01
5.333333333333333259e-01 5.083333333333333454e-02 3.708333333333333481e-01 4.499999999999999833e-02
1.575000000000000011e-01 2.225000000000000033e-01 8.916666666666667185e-02 5.308333333333333792e-01
5.041666666666666519e-01 1.724999999999999867e-01 2.116666666666666696e-01 1.116666666666666641e-01
