8.500000000000000611e-02 1.849999999999999978e-01 5.516666666666666385e-01 1.783333333333333437e-01
2.349999999999999867e-01 9.666666666666666463e-02 1.216666666666666730e-01 5.466666666666666341e-01
8.833333333333333315e-02 5.074999999999999512e-01 1.650000000000000078e-01 2.391666666666666663e-01
2.550000000000000044e-01 3.716666666666666452e-01 3.591666666666666896e-01 1.416666666666666595e-02
1.041666666666666713e-01 1.333333333333333419e-02 3.883333333333333082e-01 4.941666666666666430e-01
4.558333333333333126e-01 2.675000000000000155e-01 2.325000000000000122e-01 4.416666666666666657e-02
3.408333333333333215e-01 3.333333333333333547e-03 1.958333333333333315e-01 4.600000000000000200e-01
5.000000000000000278e-02 2.166666666666666741e-01 5.341666666666666785e-01 1.991666666666666585e-01
9.416666666666666241e-02 1.358333333333333337e-01 1.858333333333333226e-01 5.841666666666666119e-01
3.791666666666666519e-01 2.183333333333333237e-01 3.241666666666666585e-01 7.833333333333333814e-02
6.683333333333333348e-01 4.000000000000000083e-02 2.650000000000000133e-01 2.666666666666666838e-02
1.158333333333333298e-01 2.650000000000000133e-01 4.208333333333333370e-01 1.983333333333333337e-01
1.608333333333333282e-01 6.083333333333333648e-02 5.949999999999999734e-01 1.833333333333333204e-01
3.158333333333333548e-01 2.374999999999999889e-01 1.233333333333333365e-01 3.233333333333333059e-01
5.249999999999999806e-02 3.908333333333333104e-01 5.341666666666666785e-01 2.249999999999999917e-02
2.525000000000000022e-01 3.225000000000000089e-01 2.250000000000000056e-01 2.000000000000000111e-01
6.450000000000000178e-01 1.583333333333333467e-02 1.499999999999999944e-01 1.891666666666666774e-01
1.991666666666666585e-01 2.941666666666666874e-01 3.141666666666666496e-01 1.925000000000000044e-01
1.608333333333333282e-01 1.625000000000000056e-01 5.574999999999999956e-01 1.191666666666666707e-01
