2.783333333333333215e-01 4.816666666666666874e-01 4.333333333333333481e-02 1.966666666666666563e-01
3.408333333333333215e-01 2.225000000000000033e-01 3.266666666666666607e-01 1.100000000000000006e-01
2.791666666666666741e-01 4.025000000000000244e-01 2.200000000000000011e-01 9.833333333333332815e-02
4.166666666666666852e-01 2.225000000000000033e-01 7.333333333333333370e-02 2.874999999999999778e-01
1.941666666666666541e-01 2.250000000000000056e-01 2.458333333333333204e-01 3.350000000000000200e-01
5.033333333333332993e-01 1.074999999999999983e-01 2.358333333333333393e-01 1.533333333333333215e-01
1.416666666666666630e-01 3.466666666666666785e-01 4.550000000000000155e-01 5.666666666666666380e-02
6.858333333333332948e-01 9.333333333333333759e-02 1.916666666666666519e-02 2.016666666666666607e-01
7.874999999999999778e-01 1.125000000000000028e-01 6.166666666666666824e-02 3.833333333333333037e-02
6.316666666666667096e-01 4.750000000000000056e-02 2.233333333333333282e-01 9.750000000000000333e-02
2.800000000000000266e-01 2.325000000000000122e-01 2.683333333333333126e-01 2.191666666666666763e-01
4.833333333333333232e-02 2.049999999999999878e-01 2.091666666666666674e-01 5.374999999999999778e-01
4.550000000000000155e-01 2.041666666666666630e-01 9.916666666666666685e-02 2.416666666666666685e-01
1.849999999999999978e-01 2.099999999999999922e-01 4.058333333333333237e-01 1.991666666666666585e-01
2.758333333333333193e-01 2.283333333333333326e-01 1.616666666666666530e-01 3.341666666666666674e-01
2.491666666666666752e-01 2.308333333333333348e-01 2.741666666666666696e-01 2.458333333333333204e-01
1.449999999999999900e-01 4.899999999999999911e-01 2.474999999999999978e-01 1.174999999999999933e-01
1.750000000000000167e-02 2.808333333333333237e-01 4.508333333333333082e-01 2.508333333333333526e-01
2.816666666666666763e-01 9.083333333333333537e-02 2.200000000000000011e-01 4.074999999999999734e-01
1.833333333333333204e-01 6.833333333333332926e-02 1.083333333333333370e-01 6.400000000000000133e-01
4.083333333333333259e-02 1.841666666666666730e-01 6.508333333333333748e-01 1.241666666666666613e-01
2.058333333333333404e-01 5.133333333333333082e-01 1.208333333333333343e-01 1.600000000000000033e-01
