1.466666666666666674e-01 6.274999999999999467e-01 3.083333333333333412e-02 1.950000000000000067e-01
5.999999999999999778e-01 1.458333333333333426e-01 2.291666666666666574e-01 2.500000000000000139e-02
5.558333333333332904e-01 6.333333333333333870e-02 1.100000000000000006e-01 2.708333333333333148e-01
3.266666666666666607e-01 8.333333333333332871e-02 5.174999999999999600e-01 7.249999999999999500e-02
1.625000000000000056e-01 5.249999999999999806e-02 6.500000000000000222e-01 1.350000000000000089e-01
6.616666666666666252e-01 7.166666666666667018e-02 6.250000000000000000e-02 2.041666666666666630e-01
1.216666666666666730e-01 1.966666666666666563e-01 1.658333333333333326e-01 5.158333333333333659e-01
2.458333333333333204e-01 6.366666666666667140e-01 5.249999999999999806e-02 6.500000000000000222e-02
4.650000000000000244e-01 3.133333333333333526e-01 8.666666666666666963e-02 1.350000000000000089e-01
4.833333333333333232e-02 2.974999999999999867e-01 6.391666666666666607e-01 1.499999999999999944e-02
1.316666666666666541e-01 5.083333333333333454e-02 4.625000000000000222e-01 3.549999999999999822e-01
5.333333333333333676e-02 4.174999999999999822e-01 1.358333333333333337e-01 3.933333333333333126e-01
8.500000000000000611e-02 3.716666666666666452e-01 1.908333333333333270e-01 3.524999999999999800e-01
3.841666666666666563e-01 1.300000000000000044e-01 4.283333333333333437e-01 5.750000000000000250e-02
1.258333333333333248e-01 1.849999999999999978e-01 4.966666666666666452e-01 1.925000000000000044e-01
