2.308333333333333348e-01 1.250000000000000069e-02 4.641666666666666718e-01 2.924999999999999822e-01
4.400000000000000022e-01 2.166666666666666741e-01 5.916666666666666602e-02 2.841666666666666785e-01
5.991666666666666252e-01 3.666666666666666685e-02 2.008333333333333359e-01 1.633333333333333304e-01
2.583333333333333315e-02 2.474999999999999978e-01 4.000000000000000083e-02 6.866666666666666474e-01
1.233333333333333365e-01 6.075000000000000400e-01 2.508333333333333526e-01 1.833333333333333343e-02
6.250000000000000000e-01 2.358333333333333393e-01 5.500000000000000028e-02 8.416666666666666741e-02
2.650000000000000133e-01 1.416666666666666630e-01 2.758333333333333193e-01 3.175000000000000044e-01
6.908333333333332993e-01 1.541666666666666741e-01 5.416666666666666852e-02 1.008333333333333304e-01
1.041666666666666713e-01 1.100000000000000006e-01 4.550000000000000155e-01 3.308333333333333126e-01
5.916666666666666602e-02 7.850000000000000311e-01 1.400000000000000133e-01 1.583333333333333467e-02
7.691666666666666652e-01 7.499999999999999722e-03 1.691666666666666596e-01 5.416666666666666852e-02
5.216666666666666119e-01 4.750000000000000056e-02 2.483333333333333226e-01 1.824999999999999956e-01
2.250000000000000056e-01 3.416666666666666741e-01 4.583333333333333010e-02 3.875000000000000111e-01
2.000000000000000111e-01 4.425000000000000044e-01 1.458333333333333426e-01 2.116666666666666696e-01
3.091666666666666452e-01 2.750000000000000222e-01 1.683333333333333348e-01 2.474999999999999978e-01
1.583333333333333259e-01 2.433333333333333459e-01 5.116666666666667140e-01 8.666666666666666963e-02
3.591666666666666896e-01 1.774999999999999911e-01 9.249999999999999889e-02 3.708333333333333481e-01
2.283333333333333326e-01 3.375000000000000222e-01 3.366666666666666696e-01 9.750000000000000333e-02
