5.550000000000000488e-01 1.100000000000000006e-01 2.266666666666666552e-01 1.083333333333333370e-01
3.916666666666666630e-01 2.374999999999999889e-01 2.133333333333333470e-01 1.575000000000000011e-01
1.441666666666666652e-01 4.666666666666666741e-01 1.616666666666666530e-01 2.275000000000000078e-01
1.908333333333333270e-01 1.799999999999999933e-01 5.400000000000000355e-01 8.916666666666667185e-02
2.491666666666666752e-01 2.600000000000000089e-01 3.250000000000000111e-01 1.658333333333333326e-01
3.083333333333333412e-02 8.008333333333332860e-01 5.249999999999999806e-02 1.158333333333333298e-01
1.250000000000000000e-01 4.891666666666666941e-01 1.941666666666666541e-01 1.916666666666666796e-01
8.166666666666666519e-01 4.416666666666666657e-02 1.083333333333333370e-02 1.283333333333333270e-01
1.141666666666666663e-01 2.291666666666666574e-01 5.124999999999999556e-01 1.441666666666666652e-01
1.466666666666666674e-01 7.333333333333333370e-02 6.266666666666667052e-01 1.533333333333333215e-01
2.099999999999999922e-01 2.741666666666666696e-01 3.391666666666666718e-01 1.766666666666666663e-01
1.941666666666666541e-01 2.333333333333333370e-01 2.133333333333333470e-01 3.591666666666666896e-01
5.183333333333333126e-01 1.483333333333333448e-01 1.316666666666666541e-01 2.016666666666666607e-01
3.166666666666666935e-02 6.166666666666666963e-01 8.166666666666666519e-02 2.700000000000000178e-01
6.833333333333332926e-02 7.633333333333333082e-01 7.666666666666666075e-02 9.166666666666666019e-02
6.083333333333332815e-01 1.224999999999999978e-01 1.558333333333333237e-01 1.133333333333333276e-01
5.749999999999999556e-01 9.249999999999999889e-02 1.108333333333333393e-01 2.216666666666666785e-01
