7.499999999999999722e-03 3.975000000000000200e-01 5.374999999999999778e-01 5.750000000000000250e-02
2.775000000000000244e-01 3.308333333333333126e-01 5.000000000000000278e-02 3.416666666666666741e-01
2.949999999999999845e-01 8.333333333333332871e-02 3.633333333333333415e-01 2.583333333333333592e-01
4.708333333333333259e-01 1.849999999999999978e-01 1.583333333333333259e-01 1.858333333333333226e-01
2.991666666666666918e-01 3.099999999999999978e-01 1.366666666666666585e-01 2.541666666666666519e-01
4.716666666666666785e-01 9.583333333333333981e-02 1.733333333333333393e-01 2.591666666666666563e-01
2.166666666666666741e-02 3.658333333333333437e-01 8.000000000000000167e-02 5.324999999999999734e-01
1.141666666666666663e-01 4.208333333333333370e-01 2.116666666666666696e-01 2.533333333333333548e-01
2.275000000000000078e-01 2.858333333333333282e-01 3.749999999999999861e-02 4.491666666666666585e-01
2.608333333333333059e-01 1.916666666666666796e-01 2.500000000000000052e-03 5.450000000000000400e-01
3.674999999999999933e-01 3.975000000000000200e-01 1.958333333333333315e-01 3.916666666666666907e-02
3.666666666666666685e-02 8.749999999999999445e-02 7.924999999999999822e-01 8.333333333333332871e-02
2.225000000000000033e-01 5.416666666666666852e-02 6.291666666666666519e-01 9.416666666666666241e-02
1.208333333333333343e-01 2.566666666666666541e-01 4.475000000000000089e-01 1.749999999999999889e-01
4.333333333333333481e-02 9.666666666666666463e-02 9.916666666666666685e-02 7.608333333333333615e-01
1.391666666666666607e-01 9.750000000000000333e-02 5.600000000000000533e-01 2.033333333333333381e-01
1.866666666666666752e-01 7.499999999999999722e-02 5.374999999999999778e-01 2.008333333333333359e-01
1.875000000000000000e-01 2.775000000000000244e-01 1.849999999999999978e-01 3.499999999999999778e-01
