2.841666666666666785e-01 7.416666666666667240e-02 6.125000000000000444e-01 2.916666666666666713e-02
5.166666666666667185e-01 1.333333333333333315e-01 1.975000000000000089e-01 1.524999999999999967e-01
2.933333333333333348e-01 5.083333333333333454e-02 3.083333333333333481e-01 3.474999999999999756e-01
6.158333333333333437e-01 6.666666666666666574e-02 2.383333333333333415e-01 7.916666666666666297e-02
8.833333333333333315e-02 1.000000000000000021e-02 9.166666666666666713e-03 8.924999999999999600e-01
1.750000000000000167e-02 2.083333333333333218e-02 4.658333333333333215e-01 4.958333333333333481e-01
1.908333333333333270e-01 4.808333333333333348e-01 2.249999999999999917e-02 3.058333333333333459e-01
2.650000000000000133e-01 2.016666666666666607e-01 2.149999999999999967e-01 3.183333333333333570e-01
2.166666666666666741e-02 2.741666666666666696e-01 5.583333333333333204e-02 6.483333333333333171e-01
9.500000000000000111e-02 6.875000000000000000e-01 7.666666666666666075e-02 1.408333333333333381e-01
6.166666666666666824e-02 1.108333333333333393e-01 6.266666666666667052e-01 2.008333333333333359e-01
5.074999999999999512e-01 1.241666666666666613e-01 2.300000000000000100e-01 1.383333333333333359e-01
