5.291666666666666741e-01 3.383333333333333193e-01 1.125000000000000028e-01 2.000000000000000042e-02
3.150000000000000022e-01 1.575000000000000011e-01 4.608333333333333171e-01 6.666666666666666574e-02
8.666666666666666963e-02 2.316666666666666596e-01 4.441666666666666541e-01 2.374999999999999889e-01
3.749999999999999861e-02 1.383333333333333359e-01 6.891666666666667052e-01 1.350000000000000089e-01
1.058333333333333348e-01 3.024999999999999911e-01 1.708333333333333370e-01 4.208333333333333370e-01
6.350000000000000089e-01 2.250000000000000056e-01 1.291666666666666796e-01 1.083333333333333370e-02
4.266666666666666941e-01 5.208333333333333703e-01 7.499999999999999722e-03 4.499999999999999833e-02
3.416666666666666463e-02 5.291666666666666741e-01 2.408333333333333437e-01 1.958333333333333315e-01
3.200000000000000067e-01 8.333333333333333218e-03 3.991666666666666696e-01 2.725000000000000200e-01
1.975000000000000089e-01 1.925000000000000044e-01 1.675000000000000100e-01 4.425000000000000044e-01
4.358333333333333504e-01 6.333333333333333870e-02 3.716666666666666452e-01 1.291666666666666796e-01
8.000000000000000167e-02 1.283333333333333270e-01 2.241666666666666530e-01 5.675000000000000044e-01
1.166666666666666685e-01 2.608333333333333059e-01 4.091666666666666785e-01 2.133333333333333470e-01
9.166666666666666019e-02 4.483333333333333059e-01 2.558333333333333570e-01 2.041666666666666630e-01
4.249999999999999889e-01 3.133333333333333526e-01 1.483333333333333448e-01 1.133333333333333276e-01
1.083333333333333370e-02 8.000000000000000167e-02 7.958333333333332815e-01 1.133333333333333276e-01
1.408333333333333381e-01 1.491666666666666696e-01 2.750000000000000222e-01 4.349999999999999978e-01
8.999999999999999667e-02 5.391666666666666829e-01 2.391666666666666663e-01 1.316666666666666541e-01
