1.700000000000000122e-01 3.166666666666666935e-02 3.358333333333333171e-01 4.625000000000000222e-01
4.250000000000000305e-02 7.499999999999999722e-03 5.266666666666666163e-01 4.233333333333333393e-01
6.641666666666666829e-01 4.166666666666666609e-03 5.750000000000000250e-02 2.741666666666666696e-01
6.183333333333332904e-01 1.166666666666666720e-02 2.291666666666666574e-01 1.408333333333333381e-01
1.666666666666666644e-02 1.174999999999999933e-01 4.591666666666666674e-01 4.066666666666666763e-01
3.266666666666666607e-01 1.891666666666666774e-01 3.833333333333333592e-01 1.008333333333333304e-01
8.666666666666666963e-02 1.166666666666666720e-02 2.166666666666666741e-02 8.800000000000000044e-01
4.391666666666666496e-01 3.483333333333333282e-01 9.416666666666666241e-02 1.183333333333333320e-01
4.250000000000000305e-02 5.433333333333333348e-01 1.499999999999999944e-01 2.641666666666666607e-01
4.625000000000000222e-01 4.199999999999999845e-01 7.499999999999999722e-03 1.100000000000000006e-01
4.483333333333333059e-01 4.174999999999999822e-01 2.500000000000000139e-02 1.091666666666666619e-01
1.566666666666666763e-01 1.516666666666666718e-01 5.474999999999999867e-01 1.441666666666666652e-01
2.441666666666666707e-01 1.700000000000000122e-01 1.474999999999999922e-01 4.383333333333333526e-01
3.041666666666666408e-01 1.950000000000000067e-01 1.358333333333333337e-01 3.649999999999999911e-01
