3.350000000000000200e-01 3.491666666666666807e-01 3.108333333333333504e-01 5.000000000000000104e-03
7.816666666666666208e-01 3.166666666666666935e-02 7.499999999999999722e-02 1.116666666666666641e-01
1.583333333333333259e-01 5.666666666666666519e-01 1.266666666666666774e-01 1.483333333333333448e-01
5.458333333333332815e-01 3.633333333333333415e-01 2.333333333333333440e-02 6.750000000000000444e-02
3.458333333333333259e-01 2.725000000000000200e-01 3.150000000000000022e-01 6.666666666666666574e-02
1.583333333333333467e-02 2.008333333333333359e-01 6.316666666666667096e-01 1.516666666666666718e-01
1.675000000000000100e-01 5.500000000000000028e-02 7.491666666666666474e-01 2.833333333333333190e-02
4.008333333333333193e-01 3.216666666666666563e-01 1.166666666666666685e-01 1.608333333333333282e-01
2.133333333333333470e-01 4.750000000000000056e-02 4.675000000000000266e-01 2.716666666666666674e-01
9.333333333333333759e-02 4.774999999999999800e-01 3.008333333333333415e-01 1.283333333333333270e-01
5.058333333333333570e-01 8.666666666666666963e-02 2.858333333333333282e-01 1.216666666666666730e-01
9.916666666666666685e-02 4.391666666666666496e-01 1.958333333333333315e-01 2.658333333333333104e-01
4.741666666666666807e-01 4.000000000000000083e-02 1.724999999999999867e-01 3.133333333333333526e-01
7.166666666666667018e-02 3.441666666666666763e-01 2.416666666666666616e-02 5.600000000000000533e-01
2.316666666666666596e-01 2.249999999999999917e-02 3.766666666666666496e-01 3.691666666666666430e-01
