2.191666666666666763e-01 6.474999999999999645e-01 5.333333333333333676e-02 8.000000000000000167e-02
7.416666666666667240e-02 2.575000000000000067e-01 4.791666666666666852e-01 1.891666666666666774e-01
4.916666666666666408e-01 1.499999999999999944e-02 3.225000000000000089e-01 1.708333333333333370e-01
1.666666666666666644e-02 2.916666666666666713e-02 1.424999999999999878e-01 8.116666666666666474e-01
4.416666666666666657e-02 1.449999999999999900e-01 1.350000000000000089e-01 6.758333333333332860e-01
1.933333333333333293e-01 5.050000000000000044e-01 1.083333333333333370e-01 1.933333333333333293e-01
2.833333333333333259e-01 6.083333333333333648e-02 2.391666666666666663e-01 4.166666666666666852e-01
6.858333333333332948e-01 2.250000000000000056e-01 4.250000000000000305e-02 4.666666666666666879e-02
4.666666666666666741e-01 6.083333333333333648e-02 2.508333333333333526e-01 2.216666666666666785e-01
1.541666666666666741e-01 5.699999999999999512e-01 1.633333333333333304e-01 1.125000000000000028e-01
5.591666666666667007e-01 2.666666666666666838e-02 3.416666666666666741e-01 7.249999999999999500e-02
2.416666666666666616e-02 2.966666666666666896e-01 3.133333333333333526e-01 3.658333333333333437e-01
2.949999999999999845e-01 2.424999999999999933e-01 3.308333333333333126e-01 1.316666666666666541e-01
5.166666666666666630e-02 5.491666666666666918e-01 3.533333333333333326e-01 4.583333333333333010e-02
