5.666666666666666380e-02 3.233333333333333059e-01 5.174999999999999600e-01 1.024999999999999939e-01
5.024999999999999467e-01 2.283333333333333326e-01 3.833333333333333037e-02 2.308333333333333348e-01
4.916666666666666408e-02 5.108333333333333615e-01 1.241666666666666613e-01 3.158333333333333548e-01
4.416666666666666657e-02 1.583333333333333259e-01 2.258333333333333304e-01 5.716666666666666563e-01
9.583333333333333981e-02 2.249999999999999917e-02 6.008333333333333304e-01 2.808333333333333237e-01
1.041666666666666713e-01 3.666666666666666685e-02 4.083333333333333259e-01 4.508333333333333082e-01
5.000000000000000104e-03 4.716666666666666785e-01 3.333333333333333287e-02 4.899999999999999911e-01
4.699999999999999734e-01 3.883333333333333082e-01 2.500000000000000139e-02 1.166666666666666685e-01
8.291666666666667185e-01 1.000000000000000021e-02 1.541666666666666741e-01 6.666666666666667095e-03
1.733333333333333393e-01 1.616666666666666530e-01 3.333333333333333547e-03 6.616666666666666252e-01
3.499999999999999778e-01 3.641666666666666941e-01 2.849999999999999756e-01 8.333333333333333868e-04
3.941666666666666652e-01 9.583333333333333981e-02 2.241666666666666530e-01 2.858333333333333282e-01
1.016666666666666691e-01 2.141666666666666718e-01 6.641666666666666829e-01 2.000000000000000042e-02
1.400000000000000133e-01 4.933333333333333459e-01 2.650000000000000133e-01 1.016666666666666691e-01
