1.091666666666666619e-01 1.166666666666666720e-02 7.141666666666666163e-01 1.650000000000000078e-01
2.991666666666666918e-01 1.666666666666666574e-01 4.174999999999999822e-01 1.166666666666666685e-01
3.400000000000000244e-01 2.000000000000000042e-02 5.050000000000000044e-01 1.350000000000000089e-01
3.549999999999999822e-01 3.633333333333333415e-01 1.749999999999999889e-01 1.066666666666666735e-01
1.000000000000000021e-02 5.983333333333333837e-01 3.041666666666666408e-01 8.749999999999999445e-02
1.466666666666666674e-01 4.166666666666666609e-03 4.066666666666666763e-01 4.425000000000000044e-01
1.533333333333333215e-01 3.950000000000000178e-01 1.566666666666666763e-01 2.949999999999999845e-01
1.824999999999999956e-01 3.808333333333333570e-01 5.666666666666666380e-02 3.800000000000000044e-01
1.133333333333333276e-01 5.133333333333333082e-01 3.183333333333333570e-01 5.500000000000000028e-02
3.749999999999999861e-02 1.900000000000000022e-01 2.541666666666666519e-01 5.183333333333333126e-01
3.283333333333333104e-01 5.249999999999999806e-02 5.474999999999999867e-01 7.166666666666667018e-02
6.008333333333333304e-01 1.158333333333333298e-01 1.300000000000000044e-01 1.533333333333333215e-01
2.583333333333333315e-02 7.058333333333333126e-01 1.641666666666666552e-01 1.041666666666666713e-01
5.249999999999999806e-02 1.199999999999999956e-01 5.999999999999999778e-01 2.275000000000000078e-01
9.166666666666666019e-02 2.241666666666666530e-01 1.250000000000000000e-01 5.591666666666667007e-01
8.749999999999999445e-02 2.358333333333333393e-01 1.849999999999999978e-01 4.916666666666666408e-01
2.741666666666666696e-01 3.583333333333333370e-01 1.533333333333333215e-01 2.141666666666666718e-01
1.700000000000000122e-01 1.024999999999999939e-01 3.699999999999999956e-01 3.574999999999999845e-01
