2.999999999999999889e-02 7.058333333333333126e-01 7.499999999999999722e-02 1.891666666666666774e-01
2.241666666666666530e-01 2.708333333333333148e-01 6.500000000000000222e-02 4.400000000000000022e-01
2.916666666666666713e-02 6.416666666666667185e-01 2.416666666666666685e-01 8.749999999999999445e-02
2.408333333333333437e-01 5.766666666666666607e-01 1.449999999999999900e-01 3.749999999999999861e-02
1.625000000000000056e-01 5.000000000000000278e-02 1.433333333333333404e-01 6.441666666666666652e-01
3.558333333333333348e-01 1.691666666666666596e-01 2.641666666666666607e-01 2.108333333333333448e-01
6.533333333333333215e-01 1.925000000000000044e-01 2.666666666666666838e-02 1.275000000000000022e-01
3.391666666666666718e-01 4.000000000000000222e-01 2.099999999999999922e-01 5.083333333333333454e-02
8.833333333333333315e-02 5.666666666666666519e-01 1.049999999999999961e-01 2.399999999999999911e-01
2.408333333333333437e-01 7.141666666666666163e-01 7.499999999999999722e-03 3.749999999999999861e-02
7.333333333333333370e-02 6.374999999999999556e-01 2.416666666666666685e-01 4.750000000000000056e-02
9.583333333333333981e-02 4.808333333333333348e-01 1.658333333333333326e-01 2.575000000000000067e-01
2.824999999999999734e-01 1.083333333333333370e-01 4.450000000000000067e-01 1.641666666666666552e-01
2.550000000000000044e-01 2.349999999999999867e-01 4.091666666666666785e-01 1.008333333333333304e-01
2.991666666666666918e-01 8.500000000000000611e-02 5.591666666666667007e-01 5.666666666666666380e-02
