8.500000000000000611e-02 1.875000000000000000e-01 5.633333333333333526e-01 1.641666666666666552e-01
2.441666666666666707e-01 2.916666666666666852e-01 1.733333333333333393e-01 2.908333333333333326e-01
2.041666666666666630e-01 9.416666666666666241e-02 6.391666666666666607e-01 6.250000000000000000e-02
2.533333333333333548e-01 3.733333333333333504e-01 3.458333333333333259e-01 2.750000000000000014e-02
6.750000000000000444e-02 3.808333333333333570e-01 2.758333333333333193e-01 2.758333333333333193e-01
1.950000000000000067e-01 5.441666666666666874e-01 7.333333333333333370e-02 1.875000000000000000e-01
1.166666666666666720e-02 6.250000000000000000e-01 1.166666666666666685e-01 2.466666666666666730e-01
6.141666666666666385e-01 7.499999999999999722e-03 7.749999999999999944e-02 3.008333333333333415e-01
1.208333333333333343e-01 2.483333333333333226e-01 1.666666666666666574e-01 4.641666666666666718e-01
1.458333333333333426e-01 2.458333333333333204e-01 2.000000000000000042e-02 5.883333333333333748e-01
3.033333333333333437e-01 3.166666666666666935e-02 4.966666666666666452e-01 1.683333333333333348e-01
1.908333333333333270e-01 6.750000000000000444e-02 7.291666666666666297e-01 1.250000000000000069e-02
4.858333333333333393e-01 4.166666666666666435e-02 6.250000000000000000e-02 4.099999999999999756e-01
2.249999999999999917e-02 4.425000000000000044e-01 2.558333333333333570e-01 2.791666666666666741e-01
2.366666666666666641e-01 5.574999999999999956e-01 1.824999999999999956e-01 2.333333333333333440e-02
1.199999999999999956e-01 3.808333333333333570e-01 2.300000000000000100e-01 2.691666666666666652e-01
7.416666666666667240e-02 2.683333333333333126e-01 5.433333333333333348e-01 1.141666666666666663e-01
