5.433333333333333348e-01 1.125000000000000028e-01 2.441666666666666707e-01 1.000000000000000056e-01
1.566666666666666763e-01 2.083333333333333218e-02 6.416666666666666352e-02 7.583333333333333037e-01
1.216666666666666730e-01 1.499999999999999944e-02 8.583333333333332815e-01 5.000000000000000104e-03
6.550000000000000266e-01 2.608333333333333059e-01 3.666666666666666685e-02 4.750000000000000056e-02
4.833333333333333232e-02 3.333333333333333287e-02 1.683333333333333348e-01 7.500000000000000000e-01
8.016666666666666385e-01 9.166666666666666713e-03 1.174999999999999933e-01 7.166666666666667018e-02
5.000000000000000104e-03 3.674999999999999933e-01 2.974999999999999867e-01 3.300000000000000155e-01
9.166666666666666019e-02 1.308333333333333293e-01 5.975000000000000311e-01 1.799999999999999933e-01
3.666666666666666685e-02 1.916666666666666796e-01 3.425000000000000266e-01 4.291666666666666408e-01
2.741666666666666696e-01 4.475000000000000089e-01 1.283333333333333270e-01 1.499999999999999944e-01
3.074999999999999956e-01 2.750000000000000222e-01 4.750000000000000056e-02 3.699999999999999956e-01
2.874999999999999778e-01 1.783333333333333437e-01 4.441666666666666541e-01 8.999999999999999667e-02
2.874999999999999778e-01 9.583333333333333981e-02 2.500000000000000000e-01 3.666666666666666408e-01
