2.149999999999999967e-01 5.358333333333333837e-01 4.666666666666666879e-02 2.025000000000000133e-01
2.824999999999999734e-01 9.166666666666666713e-03 6.324999999999999512e-01 7.583333333333333592e-02
7.299999999999999822e-01 1.000000000000000056e-01 1.533333333333333215e-01 1.666666666666666644e-02
2.108333333333333448e-01 8.000000000000000167e-02 4.341666666666666452e-01 2.750000000000000222e-01
1.233333333333333365e-01 4.124999999999999778e-01 1.066666666666666735e-01 3.574999999999999845e-01
2.800000000000000266e-01 2.099999999999999922e-01 2.566666666666666541e-01 2.533333333333333548e-01
1.466666666666666674e-01 2.149999999999999967e-01 1.708333333333333370e-01 4.675000000000000266e-01
1.083333333333333370e-01 3.083333333333333481e-01 6.583333333333332704e-02 5.174999999999999600e-01
1.033333333333333326e-01 1.833333333333333343e-02 6.666666666666667095e-03 8.716666666666667007e-01
9.166666666666666019e-02 8.583333333333333093e-02 7.266666666666666829e-01 9.583333333333333981e-02
7.983333333333333393e-01 1.541666666666666741e-01 6.666666666666667095e-03 4.083333333333333259e-02
4.625000000000000222e-01 1.350000000000000089e-01 1.008333333333333304e-01 3.016666666666666941e-01
1.499999999999999944e-01 7.000000000000000666e-02 2.108333333333333448e-01 5.691666666666667096e-01
