5.999999999999999778e-02 6.516666666666666163e-01 5.333333333333333676e-02 2.349999999999999867e-01
2.441666666666666707e-01 2.058333333333333404e-01 3.275000000000000133e-01 2.225000000000000033e-01
2.683333333333333126e-01 4.716666666666666785e-01 6.416666666666666352e-02 1.958333333333333315e-01
3.383333333333333193e-01 1.991666666666666585e-01 4.116666666666666807e-01 5.083333333333333454e-02
4.133333333333333304e-01 2.041666666666666630e-01 2.491666666666666752e-01 1.333333333333333315e-01
3.125000000000000000e-01 2.149999999999999967e-01 4.083333333333333259e-02 4.316666666666666430e-01
3.950000000000000178e-01 2.091666666666666674e-01 1.449999999999999900e-01 2.508333333333333526e-01
3.758333333333333526e-01 5.041666666666666519e-01 2.333333333333333440e-02 9.666666666666666463e-02
1.091666666666666619e-01 3.866666666666666585e-01 3.816666666666666541e-01 1.224999999999999978e-01
1.066666666666666735e-01 1.083333333333333370e-01 3.316666666666666652e-01 4.533333333333333104e-01
7.333333333333333370e-02 4.375000000000000000e-01 3.216666666666666563e-01 1.675000000000000100e-01
2.550000000000000044e-01 1.625000000000000056e-01 1.533333333333333215e-01 4.291666666666666408e-01
1.508333333333333470e-01 5.583333333333333204e-02 2.025000000000000133e-01 5.908333333333333215e-01
1.391666666666666607e-01 4.575000000000000178e-01 2.808333333333333237e-01 1.224999999999999978e-01
5.583333333333333481e-01 2.616666666666666585e-01 1.549999999999999989e-01 2.500000000000000139e-02
2.258333333333333304e-01 2.833333333333333190e-02 6.491666666666666696e-01 9.666666666666666463e-02
1.125000000000000028e-01 8.250000000000000389e-02 1.950000000000000067e-01 6.099999999999999867e-01
2.025000000000000133e-01 4.250000000000000305e-02 5.108333333333333615e-01 2.441666666666666707e-01
3.333333333333333287e-02 3.783333333333333548e-01 4.099999999999999756e-01 1.783333333333333437e-01
1.900000000000000022e-01 3.083333333333333481e-01 4.358333333333333504e-01 6.583333333333332704e-02
5.033333333333332993e-01 1.724999999999999867e-01 1.833333333333333204e-01 1.408333333333333381e-01
