1.116666666666666641e-01 1.350000000000000089e-01 1.325000000000000067e-01 6.208333333333333481e-01
4.525000000000000133e-01 1.858333333333333226e-01 2.424999999999999933e-01 1.191666666666666707e-01
9.166666666666666713e-03 1.341666666666666563e-01 1.341666666666666563e-01 7.225000000000000311e-01
2.741666666666666696e-01 4.691666666666666763e-01 1.858333333333333226e-01 7.083333333333333148e-02
2.750000000000000014e-02 5.999999999999999778e-02 8.966666666666666119e-01 1.583333333333333467e-02
3.583333333333333370e-01 1.625000000000000056e-01 2.708333333333333148e-01 2.083333333333333426e-01
5.849999999999999645e-01 1.191666666666666707e-01 2.808333333333333237e-01 1.499999999999999944e-02
3.024999999999999911e-01 6.416666666666666352e-02 7.833333333333333814e-02 5.550000000000000488e-01
3.483333333333333282e-01 2.708333333333333148e-01 2.858333333333333282e-01 9.500000000000000111e-02
1.250000000000000000e-01 3.925000000000000155e-01 4.224999999999999867e-01 5.999999999999999778e-02
1.416666666666666595e-02 2.916666666666666713e-02 3.408333333333333215e-01 6.158333333333333437e-01
1.208333333333333343e-01 1.375000000000000111e-01 1.716666666666666619e-01 5.699999999999999512e-01
1.549999999999999989e-01 1.499999999999999944e-02 5.916666666666666602e-02 7.708333333333333703e-01
1.991666666666666585e-01 8.416666666666666741e-02 2.849999999999999756e-01 4.316666666666666430e-01
4.541666666666666630e-01 2.791666666666666741e-01 1.833333333333333204e-01 8.333333333333332871e-02
3.416666666666666741e-01 3.875000000000000111e-01 1.358333333333333337e-01 1.350000000000000089e-01
2.016666666666666607e-01 2.608333333333333059e-01 1.883333333333333248e-01 3.491666666666666807e-01
2.391666666666666663e-01 2.783333333333333215e-01 3.425000000000000266e-01 1.400000000000000133e-01
