1.058333333333333348e-01 8.749999999999999445e-02 3.549999999999999822e-01 4.516666666666666607e-01
1.558333333333333237e-01 1.908333333333333270e-01 2.074999999999999900e-01 4.458333333333333592e-01
5.775000000000000133e-01 1.749999999999999889e-01 1.233333333333333365e-01 1.241666666666666613e-01
2.216666666666666785e-01 4.416666666666666519e-01 1.250000000000000000e-01 2.116666666666666696e-01
5.050000000000000044e-01 2.974999999999999867e-01 1.591666666666666785e-01 3.833333333333333037e-02
1.116666666666666641e-01 2.391666666666666663e-01 5.274999999999999689e-01 1.216666666666666730e-01
1.049999999999999961e-01 6.958333333333333037e-01 6.666666666666667095e-03 1.925000000000000044e-01
3.016666666666666941e-01 4.174999999999999822e-01 4.166666666666666435e-02 2.391666666666666663e-01
1.375000000000000111e-01 3.699999999999999956e-01 1.391666666666666607e-01 3.533333333333333326e-01
3.400000000000000244e-01 1.083333333333333370e-01 4.691666666666666763e-01 8.250000000000000389e-02
1.108333333333333393e-01 1.458333333333333426e-01 4.841666666666666896e-01 2.591666666666666563e-01
1.074999999999999983e-01 5.083333333333333454e-02 7.724999999999999645e-01 6.916666666666666796e-02
2.550000000000000044e-01 4.025000000000000244e-01 2.908333333333333326e-01 5.166666666666666630e-02
2.266666666666666552e-01 8.166666666666666519e-02 2.233333333333333282e-01 4.683333333333333237e-01
7.858333333333333837e-01 1.424999999999999878e-01 3.583333333333333509e-02 3.583333333333333509e-02
1.158333333333333298e-01 3.325000000000000178e-01 4.741666666666666807e-01 7.749999999999999944e-02
1.300000000000000044e-01 1.000000000000000021e-02 6.333333333333333870e-02 7.966666666666666341e-01
