3.749999999999999861e-02 1.174999999999999933e-01 2.958333333333333370e-01 5.491666666666666918e-01
1.466666666666666674e-01 4.766666666666666829e-01 0.000000000000000000e+00 3.766666666666666496e-01
3.258333333333333082e-01 4.166666666666666435e-02 5.600000000000000533e-01 7.249999999999999500e-02
1.691666666666666596e-01 4.266666666666666941e-01 1.058333333333333348e-01 2.983333333333333393e-01
1.008333333333333304e-01 2.808333333333333237e-01 4.683333333333333237e-01 1.499999999999999944e-01
3.266666666666666607e-01 3.425000000000000266e-01 8.583333333333333093e-02 2.449999999999999956e-01
8.416666666666666741e-02 4.358333333333333504e-01 1.749999999999999889e-01 3.049999999999999933e-01
3.583333333333333370e-01 1.766666666666666663e-01 3.049999999999999933e-01 1.600000000000000033e-01
4.000000000000000083e-02 2.958333333333333370e-01 8.583333333333333093e-02 5.783333333333333659e-01
1.049999999999999961e-01 9.166666666666666713e-03 9.833333333333332815e-02 7.874999999999999778e-01
1.625000000000000056e-01 3.350000000000000200e-01 8.250000000000000389e-02 4.199999999999999845e-01
3.583333333333333509e-02 5.591666666666667007e-01 3.166666666666666935e-02 3.733333333333333504e-01
6.483333333333333171e-01 1.816666666666666707e-01 1.216666666666666730e-01 4.833333333333333232e-02
6.358333333333333615e-01 8.333333333333332871e-02 1.641666666666666552e-01 1.166666666666666685e-01
2.858333333333333282e-01 4.791666666666666852e-01 1.541666666666666741e-01 8.083333333333332649e-02
1.566666666666666763e-01 5.916666666666666602e-02 3.583333333333333370e-01 4.258333333333333415e-01
