2.741666666666666696e-01 1.875000000000000000e-01 2.333333333333333440e-02 5.150000000000000133e-01
2.816666666666666763e-01 2.466666666666666730e-01 1.533333333333333215e-01 3.183333333333333570e-01
2.166666666666666741e-01 2.266666666666666552e-01 2.758333333333333193e-01 2.808333333333333237e-01
4.174999999999999822e-01 2.058333333333333404e-01 2.458333333333333204e-01 1.308333333333333293e-01
1.275000000000000022e-01 3.549999999999999822e-01 2.516666666666666496e-01 2.658333333333333104e-01
5.333333333333333676e-02 5.833333333333333426e-02 7.600000000000000089e-01 1.283333333333333270e-01
2.816666666666666763e-01 4.633333333333333193e-01 4.833333333333333232e-02 2.066666666666666652e-01
2.491666666666666752e-01 3.083333333333333412e-02 4.949999999999999956e-01 2.250000000000000056e-01
2.516666666666666496e-01 4.750000000000000056e-02 3.983333333333333171e-01 3.024999999999999911e-01
1.933333333333333293e-01 9.833333333333332815e-02 4.675000000000000266e-01 2.408333333333333437e-01
3.183333333333333570e-01 2.266666666666666552e-01 2.149999999999999967e-01 2.399999999999999911e-01
2.550000000000000044e-01 1.741666666666666641e-01 5.250000000000000222e-01 4.583333333333333010e-02
1.083333333333333370e-01 2.916666666666666852e-01 3.116666666666666474e-01 2.883333333333333304e-01
4.274999999999999911e-01 2.550000000000000044e-01 1.016666666666666691e-01 2.158333333333333215e-01
1.333333333333333315e-01 6.458333333333333703e-01 1.666666666666666644e-02 2.041666666666666630e-01
1.841666666666666730e-01 7.349999999999999867e-01 6.083333333333333648e-02 2.000000000000000042e-02
2.416666666666666616e-02 6.841666666666667007e-01 7.249999999999999500e-02 2.191666666666666763e-01
4.716666666666666785e-01 3.599999999999999867e-01 1.350000000000000089e-01 3.333333333333333287e-02
5.083333333333333454e-02 2.325000000000000122e-01 5.333333333333333259e-01 1.833333333333333204e-01
1.383333333333333359e-01 3.808333333333333570e-01 7.583333333333333592e-02 4.050000000000000266e-01
