8.408333333333333215e-01 9.166666666666666713e-03 1.275000000000000022e-01 2.249999999999999917e-02
2.049999999999999878e-01 2.766666666666666718e-01 2.416666666666666685e-01 2.766666666666666718e-01
9.750000000000000333e-02 1.666666666666666774e-03 2.766666666666666718e-01 6.241666666666666474e-01
1.400000000000000133e-01 1.166666666666666720e-02 4.258333333333333415e-01 4.224999999999999867e-01
6.774999999999999911e-01 3.833333333333333037e-02 1.141666666666666663e-01 1.700000000000000122e-01
5.616666666666666474e-01 4.074999999999999734e-01 8.333333333333333868e-04 2.999999999999999889e-02
3.333333333333333547e-03 6.666666666666666574e-02 3.841666666666666563e-01 5.458333333333332815e-01
1.375000000000000111e-01 5.875000000000000222e-01 2.083333333333333426e-01 6.666666666666666574e-02
2.241666666666666530e-01 2.883333333333333304e-01 1.250000000000000069e-02 4.749999999999999778e-01
2.266666666666666552e-01 4.333333333333333481e-02 3.266666666666666607e-01 4.033333333333333215e-01
2.225000000000000033e-01 1.400000000000000133e-01 3.916666666666666907e-02 5.983333333333333837e-01
2.474999999999999978e-01 3.624999999999999889e-01 1.533333333333333215e-01 2.366666666666666641e-01
2.658333333333333104e-01 1.916666666666666519e-02 1.691666666666666596e-01 5.458333333333332815e-01
