3.641666666666666941e-01 1.666666666666666644e-02 3.491666666666666807e-01 2.700000000000000178e-01
1.166666666666666720e-02 6.666666666666667095e-03 7.966666666666666341e-01 1.849999999999999978e-01
4.000000000000000083e-02 1.666666666666666644e-02 5.166666666666666630e-02 8.916666666666667185e-01
3.016666666666666941e-01 5.441666666666666874e-01 7.666666666666666075e-02 7.749999999999999944e-02
3.750000000000000000e-01 1.474999999999999922e-01 1.941666666666666541e-01 2.833333333333333259e-01
1.675000000000000100e-01 1.400000000000000133e-01 1.458333333333333426e-01 5.466666666666666341e-01
3.733333333333333504e-01 4.683333333333333237e-01 7.000000000000000666e-02 8.833333333333333315e-02
4.633333333333333193e-01 6.083333333333333648e-02 4.450000000000000067e-01 3.083333333333333412e-02
1.750000000000000167e-02 3.200000000000000067e-01 6.291666666666666519e-01 3.333333333333333287e-02
4.575000000000000178e-01 2.358333333333333393e-01 8.166666666666666519e-02 2.250000000000000056e-01
1.424999999999999878e-01 7.025000000000000133e-01 2.083333333333333218e-02 1.341666666666666563e-01
3.200000000000000067e-01 4.158333333333333326e-01 1.558333333333333237e-01 1.083333333333333370e-01
1.266666666666666774e-01 1.166666666666666685e-01 4.991666666666666474e-01 2.575000000000000067e-01
