6.916666666666666796e-02 4.824999999999999845e-01 3.041666666666666408e-01 1.441666666666666652e-01
4.416666666666666657e-02 4.583333333333333010e-02 3.408333333333333215e-01 5.691666666666667096e-01
1.333333333333333315e-01 1.958333333333333315e-01 2.966666666666666896e-01 3.741666666666666474e-01
2.266666666666666552e-01 2.325000000000000122e-01 4.891666666666666941e-01 5.166666666666666630e-02
2.808333333333333237e-01 4.016666666666666718e-01 1.849999999999999978e-01 1.325000000000000067e-01
8.333333333333332871e-02 2.575000000000000067e-01 5.841666666666666119e-01 7.499999999999999722e-02
6.083333333333333648e-02 1.583333333333333467e-02 3.716666666666666452e-01 5.516666666666666385e-01
5.583333333333333204e-02 1.958333333333333315e-01 5.716666666666666563e-01 1.766666666666666663e-01
1.016666666666666691e-01 4.116666666666666807e-01 3.250000000000000111e-01 1.616666666666666530e-01
1.000000000000000021e-02 6.966666666666666563e-01 2.708333333333333148e-01 2.249999999999999917e-02
1.191666666666666707e-01 8.916666666666667185e-02 3.416666666666666741e-01 4.500000000000000111e-01
5.524999999999999911e-01 4.833333333333333232e-02 3.583333333333333370e-01 4.083333333333333259e-02
3.541666666666666852e-01 4.583333333333333010e-02 1.250000000000000000e-01 4.749999999999999778e-01
1.333333333333333315e-01 5.158333333333333659e-01 1.408333333333333381e-01 2.099999999999999922e-01
5.558333333333332904e-01 1.816666666666666707e-01 5.916666666666666602e-02 2.033333333333333381e-01
4.750000000000000056e-02 5.816666666666666652e-01 1.975000000000000089e-01 1.733333333333333393e-01
2.608333333333333059e-01 2.149999999999999967e-01 4.258333333333333415e-01 9.833333333333332815e-02
2.149999999999999967e-01 2.725000000000000200e-01 3.649999999999999911e-01 1.474999999999999922e-01
5.658333333333332993e-01 1.458333333333333426e-01 5.083333333333333454e-02 2.374999999999999889e-01
