1.675000000000000100e-01 1.766666666666666663e-01 4.250000000000000305e-02 6.133333333333332860e-01
5.616666666666666474e-01 2.141666666666666718e-01 1.416666666666666595e-02 2.099999999999999922e-01
4.383333333333333526e-01 8.833333333333333315e-02 1.191666666666666707e-01 3.541666666666666852e-01
2.500000000000000000e-01 1.533333333333333215e-01 4.416666666666666519e-01 1.549999999999999989e-01
3.233333333333333059e-01 2.766666666666666718e-01 5.833333333333333599e-03 3.941666666666666652e-01
2.999999999999999889e-02 1.491666666666666696e-01 9.166666666666666019e-02 7.291666666666666297e-01
1.499999999999999944e-02 3.591666666666666896e-01 4.291666666666666408e-01 1.966666666666666563e-01
9.241666666666666918e-01 6.416666666666666352e-02 1.000000000000000021e-02 1.666666666666666774e-03
1.166666666666666685e-01 8.649999999999999911e-01 2.500000000000000052e-03 1.583333333333333467e-02
3.208333333333333592e-01 3.383333333333333193e-01 8.166666666666666519e-02 2.591666666666666563e-01
2.600000000000000089e-01 7.499999999999999722e-02 3.325000000000000178e-01 3.325000000000000178e-01
8.983333333333333171e-01 6.666666666666667095e-03 5.916666666666666602e-02 3.583333333333333509e-02
