6.133333333333332860e-01 1.749999999999999889e-01 1.108333333333333393e-01 1.008333333333333304e-01
1.275000000000000022e-01 3.066666666666666430e-01 3.125000000000000000e-01 2.533333333333333548e-01
2.141666666666666718e-01 1.774999999999999911e-01 5.541666666666666963e-01 5.416666666666666852e-02
3.258333333333333082e-01 5.249999999999999806e-02 4.149999999999999800e-01 2.066666666666666652e-01
4.916666666666666408e-02 4.583333333333333010e-02 5.975000000000000311e-01 3.074999999999999956e-01
2.149999999999999967e-01 3.049999999999999933e-01 4.666666666666666879e-02 4.333333333333333481e-01
4.683333333333333237e-01 1.141666666666666663e-01 3.083333333333333412e-02 3.866666666666666585e-01
3.325000000000000178e-01 1.616666666666666530e-01 4.924999999999999933e-01 1.333333333333333419e-02
4.733333333333333282e-01 2.216666666666666785e-01 2.275000000000000078e-01 7.749999999999999944e-02
6.833333333333332926e-02 8.749999999999999445e-02 4.874999999999999889e-01 3.566666666666666874e-01
8.666666666666666963e-02 3.308333333333333126e-01 2.558333333333333570e-01 3.266666666666666607e-01
8.999999999999999667e-02 2.091666666666666674e-01 6.066666666666666874e-01 9.416666666666666241e-02
4.375000000000000000e-01 1.516666666666666718e-01 4.166666666666666435e-02 3.691666666666666430e-01
5.108333333333333615e-01 2.566666666666666541e-01 1.666666666666666574e-01 6.583333333333332704e-02
4.883333333333333415e-01 1.816666666666666707e-01 2.916666666666666713e-02 3.008333333333333415e-01
3.083333333333333481e-01 5.083333333333333037e-01 8.333333333333332871e-02 1.000000000000000056e-01
