9.583333333333333981e-02 5.308333333333333792e-01 2.949999999999999845e-01 7.833333333333333814e-02
1.691666666666666596e-01 4.274999999999999911e-01 1.174999999999999933e-01 2.858333333333333282e-01
1.608333333333333282e-01 3.566666666666666874e-01 3.258333333333333082e-01 1.566666666666666763e-01
8.083333333333332649e-02 5.616666666666666474e-01 2.766666666666666718e-01 8.083333333333332649e-02
3.841666666666666563e-01 2.908333333333333326e-01 1.133333333333333276e-01 2.116666666666666696e-01
6.833333333333332926e-02 7.466666666666667007e-01 1.116666666666666641e-01 7.333333333333333370e-02
1.166666666666666720e-02 8.500000000000000611e-02 2.666666666666666838e-02 8.766666666666667052e-01
7.416666666666667240e-02 6.908333333333332993e-01 2.666666666666666838e-02 2.083333333333333426e-01
6.925000000000000044e-01 1.166666666666666720e-02 8.583333333333333093e-02 2.099999999999999922e-01
5.833333333333333599e-03 2.083333333333333218e-02 7.349999999999999867e-01 2.383333333333333415e-01
4.525000000000000133e-01 2.091666666666666674e-01 6.750000000000000444e-02 2.708333333333333148e-01
2.758333333333333193e-01 1.774999999999999911e-01 2.466666666666666730e-01 2.999999999999999889e-01
1.633333333333333304e-01 7.833333333333333814e-02 9.166666666666666019e-02 6.666666666666666297e-01
