7.749999999999999944e-02 4.833333333333333370e-01 3.775000000000000022e-01 6.166666666666666824e-02
1.916666666666666796e-01 6.075000000000000400e-01 1.024999999999999939e-01 9.833333333333332815e-02
4.083333333333333259e-01 4.133333333333333304e-01 1.683333333333333348e-01 1.000000000000000021e-02
3.574999999999999845e-01 2.633333333333333082e-01 1.750000000000000167e-02 3.616666666666666918e-01
3.991666666666666696e-01 2.466666666666666730e-01 1.900000000000000022e-01 1.641666666666666552e-01
7.983333333333333393e-01 6.416666666666666352e-02 5.916666666666666602e-02 7.833333333333333814e-02
3.549999999999999822e-01 2.849999999999999756e-01 1.908333333333333270e-01 1.691666666666666596e-01
1.000000000000000021e-02 2.216666666666666785e-01 4.450000000000000067e-01 3.233333333333333059e-01
2.700000000000000178e-01 6.433333333333333126e-01 7.333333333333333370e-02 1.333333333333333419e-02
3.416666666666666741e-01 3.150000000000000022e-01 3.425000000000000266e-01 8.333333333333333868e-04
2.066666666666666652e-01 8.083333333333332649e-02 1.116666666666666641e-01 6.008333333333333304e-01
8.383333333333333748e-01 1.750000000000000167e-02 1.241666666666666613e-01 2.000000000000000042e-02
5.833333333333333599e-03 1.616666666666666530e-01 6.391666666666666607e-01 1.933333333333333293e-01
6.300000000000000044e-01 2.500000000000000052e-03 1.916666666666666796e-01 1.758333333333333415e-01
