4.441666666666666541e-01 1.750000000000000167e-02 5.358333333333333837e-01 2.500000000000000052e-03
5.799999999999999600e-01 1.341666666666666563e-01 9.416666666666666241e-02 1.916666666666666796e-01
1.183333333333333320e-01 1.024999999999999939e-01 5.574999999999999956e-01 2.216666666666666785e-01
3.616666666666666918e-01 1.875000000000000000e-01 9.416666666666666241e-02 3.566666666666666874e-01
5.383333333333333304e-01 3.391666666666666718e-01 7.333333333333333370e-02 4.916666666666666408e-02
1.841666666666666730e-01 1.308333333333333293e-01 8.999999999999999667e-02 5.949999999999999734e-01
2.325000000000000122e-01 1.858333333333333226e-01 4.924999999999999933e-01 8.916666666666667185e-02
1.291666666666666796e-01 2.474999999999999978e-01 3.658333333333333437e-01 2.575000000000000067e-01
1.950000000000000067e-01 4.749999999999999778e-01 2.783333333333333215e-01 5.166666666666666630e-02
3.350000000000000200e-01 2.133333333333333470e-01 2.066666666666666652e-01 2.449999999999999956e-01
1.174999999999999933e-01 6.441666666666666652e-01 1.541666666666666741e-01 8.416666666666666741e-02
3.499999999999999778e-01 3.250000000000000111e-01 4.000000000000000083e-02 2.849999999999999756e-01
5.133333333333333082e-01 1.000000000000000056e-01 1.724999999999999867e-01 2.141666666666666718e-01
4.666666666666666879e-02 6.158333333333333437e-01 3.108333333333333504e-01 2.666666666666666838e-02
3.333333333333333287e-02 4.258333333333333415e-01 2.233333333333333282e-01 3.175000000000000044e-01
2.250000000000000056e-01 7.000000000000000666e-02 6.225000000000000533e-01 8.250000000000000389e-02
8.749999999999999445e-02 4.633333333333333193e-01 2.316666666666666596e-01 2.174999999999999989e-01
2.791666666666666741e-01 4.708333333333333259e-01 1.866666666666666752e-01 6.333333333333333870e-02
2.183333333333333237e-01 2.008333333333333359e-01 4.450000000000000067e-01 1.358333333333333337e-01
2.250000000000000056e-01 4.033333333333333215e-01 1.174999999999999933e-01 2.541666666666666519e-01
3.375000000000000222e-01 3.900000000000000133e-01 1.100000000000000006e-01 1.625000000000000056e-01
