1.333333333333333419e-02 4.166666666666666609e-03 8.249999999999999556e-01 1.575000000000000011e-01
3.166666666666666935e-02 5.833333333333333703e-01 3.741666666666666474e-01 1.083333333333333370e-02
5.833333333333333599e-03 2.333333333333333440e-02 9.000000000000000222e-01 7.083333333333333148e-02
3.233333333333333059e-01 1.824999999999999956e-01 1.733333333333333393e-01 3.208333333333333592e-01
2.666666666666666838e-02 2.999999999999999889e-01 3.483333333333333282e-01 3.250000000000000111e-01
6.391666666666666607e-01 3.250000000000000111e-02 2.166666666666666741e-01 1.116666666666666641e-01
3.416666666666666741e-01 4.958333333333333481e-01 7.083333333333333148e-02 9.166666666666666019e-02
4.891666666666666941e-01 0.000000000000000000e+00 4.899999999999999911e-01 2.083333333333333218e-02
1.466666666666666674e-01 1.449999999999999900e-01 5.574999999999999956e-01 1.508333333333333470e-01
5.416666666666666852e-02 2.525000000000000022e-01 3.400000000000000244e-01 3.533333333333333326e-01
1.233333333333333365e-01 3.083333333333333412e-02 2.775000000000000244e-01 5.683333333333333570e-01
2.833333333333333190e-02 8.083333333333332649e-02 2.641666666666666607e-01 6.266666666666667052e-01
