2.358333333333333393e-01 6.441666666666666652e-01 7.666666666666666075e-02 4.333333333333333481e-02
1.558333333333333237e-01 2.783333333333333215e-01 5.591666666666667007e-01 6.666666666666667095e-03
5.083333333333333454e-02 1.250000000000000000e-01 3.683333333333333459e-01 4.558333333333333126e-01
9.249999999999999889e-02 8.500000000000000611e-02 7.025000000000000133e-01 1.199999999999999956e-01
5.916666666666666602e-02 4.933333333333333459e-01 1.416666666666666595e-02 4.333333333333333481e-01
9.166666666666666713e-03 3.166666666666666935e-02 9.266666666666666385e-01 3.250000000000000111e-02
5.166666666666666630e-02 2.200000000000000011e-01 3.049999999999999933e-01 4.233333333333333393e-01
4.666666666666666879e-02 2.616666666666666585e-01 1.358333333333333337e-01 5.558333333333332904e-01
2.958333333333333370e-01 1.833333333333333343e-02 4.541666666666666630e-01 2.316666666666666596e-01
4.333333333333333481e-02 2.216666666666666785e-01 6.133333333333332860e-01 1.216666666666666730e-01
2.808333333333333237e-01 7.666666666666666075e-02 2.166666666666666741e-01 4.258333333333333415e-01
3.175000000000000044e-01 5.174999999999999600e-01 1.583333333333333259e-01 6.666666666666667095e-03
1.441666666666666652e-01 1.108333333333333393e-01 6.750000000000000444e-01 7.000000000000000666e-02
