6.899999999999999467e-01 2.500000000000000052e-03 2.833333333333333259e-01 2.416666666666666616e-02
4.166666666666666609e-03 5.208333333333333703e-01 9.833333333333332815e-02 3.766666666666666496e-01
4.158333333333333326e-01 2.091666666666666674e-01 2.525000000000000022e-01 1.224999999999999978e-01
8.333333333333333218e-03 2.600000000000000089e-01 2.141666666666666718e-01 5.174999999999999600e-01
4.266666666666666941e-01 3.749999999999999861e-02 4.425000000000000044e-01 9.333333333333333759e-02
5.108333333333333615e-01 3.699999999999999956e-01 1.141666666666666663e-01 5.000000000000000104e-03
7.416666666666666963e-01 3.666666666666666685e-02 4.166666666666666609e-03 2.174999999999999989e-01
9.083333333333333537e-02 2.416666666666666616e-02 1.466666666666666674e-01 7.383333333333332860e-01
6.949999999999999512e-01 5.833333333333333599e-03 1.433333333333333404e-01 1.558333333333333237e-01
5.283333333333333215e-01 2.275000000000000078e-01 9.083333333333333537e-02 1.533333333333333215e-01
2.500000000000000052e-03 5.816666666666666652e-01 8.666666666666666963e-02 3.291666666666666630e-01
1.916666666666666796e-01 1.849999999999999978e-01 1.691666666666666596e-01 4.541666666666666630e-01
1.675000000000000100e-01 2.099999999999999922e-01 3.524999999999999800e-01 2.700000000000000178e-01
