1.608333333333333282e-01 1.966666666666666563e-01 3.916666666666666907e-02 6.033333333333333881e-01
2.416666666666666616e-02 5.183333333333333126e-01 1.341666666666666563e-01 3.233333333333333059e-01
2.233333333333333282e-01 3.758333333333333526e-01 7.249999999999999500e-02 3.283333333333333104e-01
2.725000000000000200e-01 2.166666666666666741e-01 2.833333333333333259e-01 2.275000000000000078e-01
2.833333333333333190e-02 2.208333333333333259e-01 5.725000000000000089e-01 1.783333333333333437e-01
4.224999999999999867e-01 8.999999999999999667e-02 1.191666666666666707e-01 3.683333333333333459e-01
9.666666666666666463e-02 2.608333333333333059e-01 1.275000000000000022e-01 5.150000000000000133e-01
2.625000000000000111e-01 2.108333333333333448e-01 5.141666666666666607e-01 1.250000000000000069e-02
5.925000000000000266e-01 6.666666666666666574e-02 2.433333333333333459e-01 9.750000000000000333e-02
4.774999999999999800e-01 3.083333333333333412e-02 1.916666666666666796e-01 2.999999999999999889e-01
2.424999999999999933e-01 2.974999999999999867e-01 8.666666666666666963e-02 3.733333333333333504e-01
2.349999999999999867e-01 2.999999999999999889e-02 5.925000000000000266e-01 1.424999999999999878e-01
9.500000000000000111e-02 2.316666666666666596e-01 4.233333333333333393e-01 2.500000000000000000e-01
1.350000000000000089e-01 1.583333333333333259e-01 5.683333333333333570e-01 1.383333333333333359e-01
1.633333333333333304e-01 4.199999999999999845e-01 2.449999999999999956e-01 1.716666666666666619e-01
6.083333333333332815e-01 1.066666666666666735e-01 1.041666666666666713e-01 1.808333333333333459e-01
1.449999999999999900e-01 5.666666666666666519e-01 1.416666666666666595e-02 2.741666666666666696e-01
1.125000000000000028e-01 3.099999999999999978e-01 3.416666666666666741e-01 2.358333333333333393e-01
2.008333333333333359e-01 4.525000000000000133e-01 2.141666666666666718e-01 1.325000000000000067e-01
3.616666666666666918e-01 1.375000000000000111e-01 3.225000000000000089e-01 1.783333333333333437e-01
2.283333333333333326e-01 3.875000000000000111e-01 1.325000000000000067e-01 2.516666666666666496e-01
6.916666666666666796e-02 1.508333333333333470e-01 3.741666666666666474e-01 4.058333333333333237e-01
2.641666666666666607e-01 2.758333333333333193e-01 2.924999999999999822e-01 1.675000000000000100e-01
