1.483333333333333448e-01 1.191666666666666707e-01 8.416666666666666741e-02 6.483333333333333171e-01
6.158333333333333437e-01 2.500000000000000000e-01 5.249999999999999806e-02 8.166666666666666519e-02
2.750000000000000222e-01 3.716666666666666452e-01 2.675000000000000155e-01 8.583333333333333093e-02
1.433333333333333404e-01 3.683333333333333459e-01 4.041666666666666741e-01 8.416666666666666741e-02
1.833333333333333204e-01 5.050000000000000044e-01 1.716666666666666619e-01 1.400000000000000133e-01
3.425000000000000266e-01 4.500000000000000111e-01 1.716666666666666619e-01 3.583333333333333509e-02
1.216666666666666730e-01 2.566666666666666541e-01 4.816666666666666874e-01 1.400000000000000133e-01
5.216666666666666119e-01 2.349999999999999867e-01 2.266666666666666552e-01 1.666666666666666644e-02
6.066666666666666874e-01 6.250000000000000000e-02 6.583333333333332704e-02 2.650000000000000133e-01
5.666666666666666380e-02 7.683333333333333126e-01 2.500000000000000139e-02 1.499999999999999944e-01
3.783333333333333548e-01 3.500000000000000333e-02 5.300000000000000266e-01 5.666666666666666380e-02
5.916666666666666602e-02 3.916666666666666907e-02 1.991666666666666585e-01 7.025000000000000133e-01
