1.424999999999999878e-01 5.816666666666666652e-01 1.333333333333333315e-01 1.424999999999999878e-01
1.158333333333333298e-01 1.224999999999999978e-01 6.233333333333332948e-01 1.383333333333333359e-01
1.891666666666666774e-01 1.583333333333333259e-01 4.199999999999999845e-01 2.325000000000000122e-01
9.416666666666666241e-02 8.433333333333333792e-01 3.749999999999999861e-02 2.500000000000000139e-02
2.433333333333333459e-01 4.508333333333333082e-01 1.666666666666666574e-01 1.391666666666666607e-01
8.283333333333333659e-01 2.666666666666666838e-02 9.833333333333332815e-02 4.666666666666666879e-02
2.725000000000000200e-01 1.183333333333333320e-01 3.533333333333333326e-01 2.558333333333333570e-01
1.625000000000000056e-01 2.158333333333333215e-01 5.016666666666667052e-01 1.199999999999999956e-01
2.683333333333333126e-01 3.350000000000000200e-01 2.166666666666666741e-01 1.799999999999999933e-01
1.466666666666666674e-01 1.758333333333333415e-01 1.733333333333333393e-01 5.041666666666666519e-01
6.258333333333333526e-01 1.308333333333333293e-01 1.416666666666666630e-01 1.016666666666666691e-01
1.991666666666666585e-01 5.308333333333333792e-01 1.224999999999999978e-01 1.474999999999999922e-01
1.016666666666666691e-01 7.375000000000000444e-01 3.250000000000000111e-02 1.283333333333333270e-01
5.933333333333333792e-01 8.416666666666666741e-02 1.308333333333333293e-01 1.916666666666666796e-01
6.608333333333333837e-01 4.666666666666666879e-02 1.700000000000000122e-01 1.224999999999999978e-01
