5.024999999999999467e-01 2.383333333333333415e-01 2.750000000000000014e-02 2.316666666666666596e-01
1.275000000000000022e-01 4.791666666666666852e-01 3.091666666666666452e-01 8.416666666666666741e-02
3.074999999999999956e-01 3.183333333333333570e-01 3.066666666666666430e-01 6.750000000000000444e-02
2.133333333333333470e-01 4.774999999999999800e-01 2.174999999999999989e-01 9.166666666666666019e-02
3.558333333333333348e-01 1.174999999999999933e-01 2.691666666666666652e-01 2.575000000000000067e-01
5.908333333333333215e-01 3.474999999999999756e-01 8.333333333333333218e-03 5.333333333333333676e-02
7.000000000000000666e-02 1.824999999999999956e-01 2.750000000000000014e-02 7.199999999999999734e-01
2.725000000000000200e-01 1.958333333333333315e-01 8.250000000000000389e-02 4.491666666666666585e-01
1.950000000000000067e-01 6.333333333333333870e-02 4.391666666666666496e-01 3.024999999999999911e-01
2.316666666666666596e-01 6.216666666666667007e-01 8.833333333333333315e-02 5.833333333333333426e-02
2.783333333333333215e-01 3.741666666666666474e-01 1.875000000000000000e-01 1.600000000000000033e-01
2.333333333333333370e-01 7.333333333333333370e-02 2.683333333333333126e-01 4.249999999999999889e-01
8.166666666666666519e-02 7.749999999999999944e-02 8.116666666666666474e-01 2.916666666666666713e-02
7.416666666666667240e-02 2.958333333333333370e-01 1.483333333333333448e-01 4.816666666666666874e-01
4.499999999999999833e-02 1.199999999999999956e-01 8.125000000000000000e-01 2.249999999999999917e-02
3.200000000000000067e-01 2.016666666666666607e-01 2.966666666666666896e-01 1.816666666666666707e-01
4.199999999999999845e-01 3.883333333333333082e-01 6.833333333333332926e-02 1.233333333333333365e-01
4.441666666666666541e-01 2.149999999999999967e-01 1.350000000000000089e-01 2.058333333333333404e-01
3.016666666666666941e-01 2.766666666666666718e-01 2.341666666666666619e-01 1.875000000000000000e-01
