1.074999999999999983e-01 3.833333333333333037e-02 5.641666666666667052e-01 2.899999999999999800e-01
4.366666666666666474e-01 1.333333333333333315e-01 2.991666666666666918e-01 1.308333333333333293e-01
4.550000000000000155e-01 3.433333333333333237e-01 8.999999999999999667e-02 1.116666666666666641e-01
3.316666666666666652e-01 2.500000000000000139e-02 2.541666666666666519e-01 3.891666666666666607e-01
6.800000000000000488e-01 2.250000000000000056e-01 4.916666666666666408e-02 4.583333333333333010e-02
4.266666666666666941e-01 4.224999999999999867e-01 9.916666666666666685e-02 5.166666666666666630e-02
3.024999999999999911e-01 2.758333333333333193e-01 2.433333333333333459e-01 1.783333333333333437e-01
8.083333333333332649e-02 5.433333333333333348e-01 2.725000000000000200e-01 1.033333333333333326e-01
3.591666666666666896e-01 8.000000000000000167e-02 2.791666666666666741e-01 2.816666666666666763e-01
3.383333333333333193e-01 3.508333333333333304e-01 1.666666666666666644e-02 2.941666666666666874e-01
3.008333333333333415e-01 9.750000000000000333e-02 4.691666666666666763e-01 1.325000000000000067e-01
4.591666666666666674e-01 1.408333333333333381e-01 2.766666666666666718e-01 1.233333333333333365e-01
1.424999999999999878e-01 1.408333333333333381e-01 6.058333333333333348e-01 1.108333333333333393e-01
1.808333333333333459e-01 2.600000000000000089e-01 4.091666666666666785e-01 1.499999999999999944e-01
7.749999999999999944e-02 7.000000000000000666e-02 6.141666666666666385e-01 2.383333333333333415e-01
3.291666666666666630e-01 1.849999999999999978e-01 2.300000000000000100e-01 2.558333333333333570e-01
3.666666666666666408e-01 4.916666666666666408e-01 1.224999999999999978e-01 1.916666666666666519e-02
3.316666666666666652e-01 2.358333333333333393e-01 1.058333333333333348e-01 3.266666666666666607e-01
4.233333333333333393e-01 2.349999999999999867e-01 3.141666666666666496e-01 2.750000000000000014e-02
4.224999999999999867e-01 8.916666666666667185e-02 4.174999999999999822e-01 7.083333333333333148e-02
1.799999999999999933e-01 2.600000000000000089e-01 9.666666666666666463e-02 4.633333333333333193e-01
3.208333333333333592e-01 1.983333333333333337e-01 1.891666666666666774e-01 2.916666666666666852e-01
3.375000000000000222e-01 3.983333333333333171e-01 1.716666666666666619e-01 9.249999999999999889e-02
3.358333333333333171e-01 3.150000000000000022e-01 2.058333333333333404e-01 1.433333333333333404e-01
