9.500000000000000111e-02 5.500000000000000028e-02 1.774999999999999911e-01 6.724999999999999867e-01
1.916666666666666796e-01 2.208333333333333259e-01 2.999999999999999889e-01 2.874999999999999778e-01
5.174999999999999600e-01 1.041666666666666713e-01 6.750000000000000444e-02 3.108333333333333504e-01
6.508333333333333748e-01 1.400000000000000133e-01 1.199999999999999956e-01 8.916666666666667185e-02
6.808333333333332904e-01 3.666666666666666685e-02 1.150000000000000050e-01 1.675000000000000100e-01
2.908333333333333326e-01 8.583333333333333093e-02 4.816666666666666874e-01 1.416666666666666630e-01
3.966666666666666674e-01 1.708333333333333370e-01 1.650000000000000078e-01 2.675000000000000155e-01
1.916666666666666519e-02 2.849999999999999756e-01 6.358333333333333615e-01 5.999999999999999778e-02
4.500000000000000111e-01 3.500000000000000333e-02 1.291666666666666796e-01 3.858333333333333059e-01
1.308333333333333293e-01 2.266666666666666552e-01 5.641666666666667052e-01 7.833333333333333814e-02
3.333333333333333287e-02 5.566666666666666430e-01 3.200000000000000067e-01 8.999999999999999667e-02
2.791666666666666741e-01 6.666666666666666574e-02 3.416666666666666741e-01 3.125000000000000000e-01
1.108333333333333393e-01 5.000000000000000104e-03 2.866666666666666807e-01 5.975000000000000311e-01
4.366666666666666474e-01 2.958333333333333370e-01 1.199999999999999956e-01 1.474999999999999922e-01
