2.005999999999999971e-03 9.829489999999999617e-01 2.005999999999999971e-03 1.303900000000000024e-02
9.008999999999999647e-03 2.001999999999999873e-03 9.849849999999999994e-01 4.003999999999999747e-03
1.603200000000000111e-02 2.585169999999999968e-01 7.254509999999999570e-01 0.000000000000000000e+00
8.188189999999999635e-01 1.811810000000000087e-01 0.000000000000000000e+00 0.000000000000000000e+00
1.703409999999999924e-01 6.011999999999999983e-03 0.000000000000000000e+00 8.236470000000000180e-01
9.909909999999999553e-01 0.000000000000000000e+00 0.000000000000000000e+00 9.008999999999999647e-03
8.048049999999999926e-01 1.951950000000000074e-01 0.000000000000000000e+00 0.000000000000000000e+00
2.001999999999999873e-03 9.979980000000000517e-01 0.000000000000000000e+00 0.000000000000000000e+00
2.502499999999999863e-02 9.749750000000000361e-01 0.000000000000000000e+00 0.000000000000000000e+00
3.303300000000000125e-01 6.696699999999999875e-01 0.000000000000000000e+00 0.000000000000000000e+00
0.000000000000000000e+00 0.000000000000000000e+00 1.951950000000000074e-01 8.048049999999999926e-01
0.000000000000000000e+00 0.000000000000000000e+00 2.134270000000000056e-01 7.865729999999999666e-01
0.000000000000000000e+00 0.000000000000000000e+00 1.000000000000000000e+00 0.000000000000000000e+00
0.000000000000000000e+00 0.000000000000000000e+00 1.000999999999999937e-03 9.989989999999999704e-01
4.404399999999999982e-02 3.503499999999999670e-02 0.000000000000000000e+00 9.209209999999999896e-01
9.899799999999999711e-01 0.000000000000000000e+00 3.005999999999999991e-03 7.014000000000000269e-03
0.000000000000000000e+00 0.000000000000000000e+00 4.604599999999999665e-02 9.539539999999999687e-01
0.000000000000000000e+00 9.919919999999999849e-01 8.007999999999999494e-03 0.000000000000000000e+00
9.799600000000000533e-01 1.603200000000000111e-02 0.000000000000000000e+00 4.008000000000000278e-03
6.212399999999999867e-02 2.665330000000000199e-01 3.847700000000000009e-01 2.865730000000000222e-01
