6.866666666666666474e-01 8.749999999999999445e-02 1.408333333333333381e-01 8.500000000000000611e-02
1.466666666666666674e-01 1.658333333333333326e-01 4.608333333333333171e-01 2.266666666666666552e-01
5.583333333333333204e-02 1.108333333333333393e-01 5.916666666666666602e-02 7.741666666666666696e-01
1.074999999999999983e-01 1.625000000000000056e-01 5.566666666666666430e-01 1.733333333333333393e-01
1.416666666666666630e-01 2.858333333333333282e-01 2.891666666666666829e-01 2.833333333333333259e-01
7.358333333333333393e-01 3.749999999999999861e-02 1.566666666666666763e-01 7.000000000000000666e-02
8.266666666666666607e-01 8.500000000000000611e-02 2.750000000000000014e-02 6.083333333333333648e-02
4.583333333333333010e-02 7.316666666666666874e-01 4.499999999999999833e-02 1.774999999999999911e-01
1.941666666666666541e-01 1.024999999999999939e-01 6.175000000000000488e-01 8.583333333333333093e-02
1.600000000000000033e-01 2.441666666666666707e-01 4.108333333333333282e-01 1.849999999999999978e-01
6.666666666666666574e-02 7.491666666666666474e-01 1.275000000000000022e-01 5.666666666666666380e-02
1.991666666666666585e-01 4.816666666666666874e-01 1.683333333333333348e-01 1.508333333333333470e-01
6.516666666666666163e-01 1.733333333333333393e-01 5.666666666666666380e-02 1.183333333333333320e-01
1.358333333333333337e-01 1.808333333333333459e-01 4.600000000000000200e-01 2.233333333333333282e-01
