5.916666666666666602e-02 2.641666666666666607e-01 1.824999999999999956e-01 4.941666666666666430e-01
1.466666666666666674e-01 3.291666666666666630e-01 4.591666666666666674e-01 6.500000000000000222e-02
5.666666666666666380e-02 8.166666666666666519e-02 1.950000000000000067e-01 6.666666666666666297e-01
4.274999999999999911e-01 2.575000000000000067e-01 2.141666666666666718e-01 1.008333333333333304e-01
1.583333333333333259e-01 8.916666666666667185e-02 8.916666666666667185e-02 6.633333333333333304e-01
4.166666666666666435e-02 8.500000000000000611e-02 1.233333333333333365e-01 7.500000000000000000e-01
5.858333333333333171e-01 1.166666666666666720e-02 2.424999999999999933e-01 1.600000000000000033e-01
1.199999999999999956e-01 7.583333333333333592e-02 2.733333333333333171e-01 5.308333333333333792e-01
7.416666666666667240e-02 4.841666666666666896e-01 1.758333333333333415e-01 2.658333333333333104e-01
2.491666666666666752e-01 1.733333333333333393e-01 3.433333333333333237e-01 2.341666666666666619e-01
2.725000000000000200e-01 6.916666666666666796e-02 1.883333333333333248e-01 4.699999999999999734e-01
1.799999999999999933e-01 2.725000000000000200e-01 1.000000000000000056e-01 4.475000000000000089e-01
3.558333333333333348e-01 6.666666666666667095e-03 1.716666666666666619e-01 4.658333333333333215e-01
1.108333333333333393e-01 2.174999999999999989e-01 5.591666666666667007e-01 1.125000000000000028e-01
6.075000000000000400e-01 2.500000000000000052e-03 2.783333333333333215e-01 1.116666666666666641e-01
5.833333333333333426e-02 2.449999999999999956e-01 3.024999999999999911e-01 3.941666666666666652e-01
3.400000000000000244e-01 3.200000000000000067e-01 3.016666666666666941e-01 3.833333333333333037e-02
3.158333333333333548e-01 1.749999999999999889e-01 1.441666666666666652e-01 3.649999999999999911e-01
1.700000000000000122e-01 5.216666666666666119e-01 2.233333333333333282e-01 8.500000000000000611e-02
2.091666666666666674e-01 3.916666666666666630e-01 3.283333333333333104e-01 7.083333333333333148e-02
9.583333333333333981e-02 4.591666666666666674e-01 2.025000000000000133e-01 2.424999999999999933e-01
