5.999999999999999778e-02 5.949999999999999734e-01 3.041666666666666408e-01 4.083333333333333259e-02
4.841666666666666896e-01 4.333333333333333481e-02 2.766666666666666718e-01 1.958333333333333315e-01
3.433333333333333237e-01 2.750000000000000222e-01 1.400000000000000133e-01 2.416666666666666685e-01
5.274999999999999689e-01 3.133333333333333526e-01 1.166666666666666685e-01 4.250000000000000305e-02
9.249999999999999889e-02 8.641666666666666385e-01 3.916666666666666907e-02 4.166666666666666609e-03
3.099999999999999978e-01 1.625000000000000056e-01 3.983333333333333171e-01 1.291666666666666796e-01
1.016666666666666691e-01 6.500000000000000222e-02 1.158333333333333298e-01 7.175000000000000266e-01
5.516666666666666385e-01 1.008333333333333304e-01 1.650000000000000078e-01 1.824999999999999956e-01
5.591666666666667007e-01 3.333333333333333287e-02 1.966666666666666563e-01 2.108333333333333448e-01
3.491666666666666807e-01 1.474999999999999922e-01 2.841666666666666785e-01 2.191666666666666763e-01
1.916666666666666796e-01 4.191666666666666874e-01 1.325000000000000067e-01 2.566666666666666541e-01
1.799999999999999933e-01 4.541666666666666630e-01 1.625000000000000056e-01 2.033333333333333381e-01
9.041666666666666741e-01 2.333333333333333440e-02 4.000000000000000083e-02 3.250000000000000111e-02
2.133333333333333470e-01 4.916666666666666408e-02 5.383333333333333304e-01 1.991666666666666585e-01
3.066666666666666430e-01 6.250000000000000000e-02 3.474999999999999756e-01 2.833333333333333259e-01
2.533333333333333548e-01 1.499999999999999944e-01 1.024999999999999939e-01 4.941666666666666430e-01
2.283333333333333326e-01 3.366666666666666696e-01 2.099999999999999922e-01 2.250000000000000056e-01
1.950000000000000067e-01 1.641666666666666552e-01 3.608333333333333393e-01 2.800000000000000266e-01
1.575000000000000011e-01 2.600000000000000089e-01 2.533333333333333548e-01 3.291666666666666630e-01
1.650000000000000078e-01 7.000000000000000666e-02 2.033333333333333381e-01 5.616666666666666474e-01
