5.725000000000000089e-01 2.441666666666666707e-01 4.666666666666666879e-02 1.366666666666666585e-01
7.158333333333333215e-01 1.383333333333333359e-01 7.916666666666666297e-02 6.666666666666666574e-02
1.383333333333333359e-01 7.341666666666666341e-01 8.416666666666666741e-02 4.333333333333333481e-02
9.500000000000000111e-02 1.283333333333333270e-01 6.883333333333333526e-01 8.833333333333333315e-02
2.166666666666666741e-01 1.516666666666666718e-01 5.224999999999999645e-01 1.091666666666666619e-01
6.583333333333332704e-02 7.958333333333332815e-01 6.083333333333333648e-02 7.749999999999999944e-02
2.183333333333333237e-01 4.450000000000000067e-01 1.533333333333333215e-01 1.833333333333333204e-01
7.241666666666666252e-01 4.416666666666666657e-02 1.300000000000000044e-01 1.016666666666666691e-01
8.916666666666667185e-02 2.591666666666666563e-01 5.158333333333333659e-01 1.358333333333333337e-01
1.391666666666666607e-01 1.408333333333333381e-01 5.733333333333333615e-01 1.466666666666666674e-01
2.291666666666666574e-01 3.758333333333333526e-01 2.449999999999999956e-01 1.499999999999999944e-01
1.791666666666666685e-01 1.608333333333333282e-01 1.275000000000000022e-01 5.324999999999999734e-01
6.099999999999999867e-01 1.216666666666666730e-01 1.341666666666666563e-01 1.341666666666666563e-01
1.524999999999999967e-01 5.916666666666666741e-01 1.491666666666666696e-01 1.066666666666666735e-01
1.158333333333333298e-01 6.808333333333332904e-01 1.258333333333333248e-01 7.749999999999999944e-02
4.949999999999999956e-01 2.566666666666666541e-01 1.424999999999999878e-01 1.058333333333333348e-01
5.141666666666666607e-01 1.625000000000000056e-01 1.474999999999999922e-01 1.758333333333333415e-01
