1.858333333333333226e-01 1.000000000000000021e-02 5.041666666666666519e-01 2.999999999999999889e-01
1.558333333333333237e-01 1.491666666666666696e-01 6.666666666666667095e-03 6.883333333333333526e-01
1.174999999999999933e-01 3.308333333333333126e-01 2.383333333333333415e-01 3.133333333333333526e-01
2.708333333333333148e-01 2.725000000000000200e-01 2.233333333333333282e-01 2.333333333333333370e-01
1.783333333333333437e-01 2.991666666666666918e-01 1.600000000000000033e-01 3.624999999999999889e-01
2.525000000000000022e-01 3.383333333333333193e-01 1.499999999999999944e-01 2.591666666666666563e-01
1.000000000000000056e-01 1.916666666666666796e-01 6.991666666666667140e-01 9.166666666666666713e-03
6.083333333333333648e-02 4.525000000000000133e-01 2.225000000000000033e-01 2.641666666666666607e-01
3.599999999999999867e-01 1.041666666666666713e-01 2.133333333333333470e-01 3.225000000000000089e-01
6.008333333333333304e-01 1.424999999999999878e-01 1.000000000000000021e-02 2.466666666666666730e-01
2.083333333333333218e-02 5.608333333333332948e-01 9.833333333333332815e-02 3.200000000000000067e-01
9.583333333333333981e-02 4.283333333333333437e-01 4.366666666666666474e-01 3.916666666666666907e-02
3.958333333333333148e-01 2.575000000000000067e-01 2.650000000000000133e-01 8.166666666666666519e-02
2.841666666666666785e-01 5.849999999999999645e-01 7.249999999999999500e-02 5.833333333333333426e-02
3.483333333333333282e-01 6.166666666666666824e-02 5.166666666666666630e-02 5.383333333333333304e-01
3.350000000000000200e-01 5.916666666666666602e-02 2.341666666666666619e-01 3.716666666666666452e-01
1.841666666666666730e-01 2.266666666666666552e-01 4.383333333333333526e-01 1.508333333333333470e-01
7.166666666666667018e-02 7.475000000000000533e-01 1.308333333333333293e-01 5.000000000000000278e-02
1.966666666666666563e-01 2.766666666666666718e-01 2.033333333333333381e-01 3.233333333333333059e-01
