2.750000000000000014e-02 2.000000000000000111e-01 3.583333333333333370e-01 4.141666666666666829e-01
8.416666666666666741e-02 6.416666666666666352e-02 2.025000000000000133e-01 6.491666666666666696e-01
3.066666666666666430e-01 3.591666666666666896e-01 1.591666666666666785e-01 1.749999999999999889e-01
3.425000000000000266e-01 5.274999999999999689e-01 3.583333333333333509e-02 9.416666666666666241e-02
1.066666666666666735e-01 2.666666666666666630e-01 4.466666666666666563e-01 1.799999999999999933e-01
1.258333333333333248e-01 2.683333333333333126e-01 2.991666666666666918e-01 3.066666666666666430e-01
1.266666666666666774e-01 2.708333333333333148e-01 1.891666666666666774e-01 4.133333333333333304e-01
2.099999999999999922e-01 9.166666666666666713e-03 2.541666666666666519e-01 5.266666666666666163e-01
5.975000000000000311e-01 1.750000000000000167e-02 1.900000000000000022e-01 1.950000000000000067e-01
3.691666666666666430e-01 3.383333333333333193e-01 2.300000000000000100e-01 6.250000000000000000e-02
3.991666666666666696e-01 1.116666666666666641e-01 5.083333333333333454e-02 4.383333333333333526e-01
2.733333333333333171e-01 2.966666666666666896e-01 2.300000000000000100e-01 2.000000000000000111e-01
4.324999999999999956e-01 3.658333333333333437e-01 5.083333333333333454e-02 1.508333333333333470e-01
1.900000000000000022e-01 5.150000000000000133e-01 2.625000000000000111e-01 3.250000000000000111e-02
3.266666666666666607e-01 1.016666666666666691e-01 3.099999999999999978e-01 2.616666666666666585e-01
2.683333333333333126e-01 4.766666666666666829e-01 1.433333333333333404e-01 1.116666666666666641e-01
1.291666666666666796e-01 1.591666666666666785e-01 5.474999999999999867e-01 1.641666666666666552e-01
3.033333333333333437e-01 7.833333333333333814e-02 3.750000000000000000e-01 2.433333333333333459e-01
4.874999999999999889e-01 1.875000000000000000e-01 1.116666666666666641e-01 2.133333333333333470e-01
1.474999999999999922e-01 2.666666666666666838e-02 7.800000000000000266e-01 4.583333333333333010e-02
4.716666666666666785e-01 2.483333333333333226e-01 2.300000000000000100e-01 5.000000000000000278e-02
1.533333333333333215e-01 5.416666666666666852e-02 6.208333333333333481e-01 1.716666666666666619e-01
1.258333333333333248e-01 5.000000000000000000e-01 7.333333333333333370e-02 3.008333333333333415e-01
