7.191666666666666208e-01 8.166666666666666519e-02 9.249999999999999889e-02 1.066666666666666735e-01
1.841666666666666730e-01 1.133333333333333276e-01 5.250000000000000222e-01 1.774999999999999911e-01
6.583333333333332704e-02 5.833333333333333426e-02 7.916666666666666297e-02 7.966666666666666341e-01
2.041666666666666630e-01 2.091666666666666674e-01 3.841666666666666563e-01 2.025000000000000133e-01
1.966666666666666563e-01 4.025000000000000244e-01 1.783333333333333437e-01 2.225000000000000033e-01
7.183333333333333792e-01 8.916666666666667185e-02 9.666666666666666463e-02 9.583333333333333981e-02
7.358333333333333393e-01 1.066666666666666735e-01 7.499999999999999722e-02 8.250000000000000389e-02
7.000000000000000666e-02 7.416666666666666963e-01 7.333333333333333370e-02 1.150000000000000050e-01
1.174999999999999933e-01 1.100000000000000006e-01 6.641666666666666829e-01 1.083333333333333370e-01
1.749999999999999889e-01 1.449999999999999900e-01 4.966666666666666452e-01 1.833333333333333204e-01
1.016666666666666691e-01 6.533333333333333215e-01 1.108333333333333393e-01 1.341666666666666563e-01
1.975000000000000089e-01 3.624999999999999889e-01 1.975000000000000089e-01 2.424999999999999933e-01
7.533333333333332993e-01 6.583333333333332704e-02 9.666666666666666463e-02 8.416666666666666741e-02
2.291666666666666574e-01 2.349999999999999867e-01 3.591666666666666896e-01 1.766666666666666663e-01
1.474999999999999922e-01 1.608333333333333282e-01 5.266666666666666163e-01 1.650000000000000078e-01
1.866666666666666752e-01 4.000000000000000222e-01 2.108333333333333448e-01 2.025000000000000133e-01
1.358333333333333337e-01 1.341666666666666563e-01 1.749999999999999889e-01 5.550000000000000488e-01
5.074999999999999512e-01 1.858333333333333226e-01 1.558333333333333237e-01 1.508333333333333470e-01
1.275000000000000022e-01 6.374999999999999556e-01 9.833333333333332815e-02 1.366666666666666585e-01
9.083333333333333537e-02 7.516666666666667052e-01 9.750000000000000333e-02 5.999999999999999778e-02
6.108333333333333393e-01 1.058333333333333348e-01 1.308333333333333293e-01 1.524999999999999967e-01
5.691666666666667096e-01 1.466666666666666674e-01 1.575000000000000011e-01 1.266666666666666774e-01
