1.824999999999999956e-01 2.033333333333333381e-01 5.708333333333333037e-01 4.333333333333333481e-02
3.883333333333333082e-01 2.999999999999999889e-01 2.300000000000000100e-01 8.166666666666666519e-02
4.833333333333333232e-02 1.466666666666666674e-01 6.424999999999999600e-01 1.625000000000000056e-01
2.183333333333333237e-01 3.666666666666666408e-01 2.200000000000000011e-01 1.950000000000000067e-01
1.150000000000000050e-01 4.633333333333333193e-01 2.016666666666666607e-01 2.200000000000000011e-01
1.558333333333333237e-01 4.833333333333333232e-02 3.366666666666666696e-01 4.591666666666666674e-01
2.149999999999999967e-01 3.300000000000000155e-01 3.341666666666666674e-01 1.208333333333333343e-01
3.166666666666666935e-02 1.533333333333333215e-01 3.958333333333333148e-01 4.191666666666666874e-01
1.366666666666666585e-01 3.975000000000000200e-01 1.616666666666666530e-01 3.041666666666666408e-01
1.233333333333333365e-01 7.508333333333333526e-01 1.066666666666666735e-01 1.916666666666666519e-02
1.333333333333333315e-01 7.916666666666666297e-02 2.250000000000000056e-01 5.625000000000000000e-01
4.158333333333333326e-01 2.633333333333333082e-01 1.533333333333333215e-01 1.675000000000000100e-01
2.575000000000000067e-01 1.833333333333333204e-01 7.583333333333333592e-02 4.833333333333333370e-01
4.025000000000000244e-01 4.000000000000000222e-01 1.816666666666666707e-01 1.583333333333333467e-02
1.625000000000000056e-01 3.049999999999999933e-01 3.200000000000000067e-01 2.124999999999999944e-01
1.308333333333333293e-01 5.416666666666666297e-01 3.200000000000000067e-01 7.499999999999999722e-03
3.533333333333333326e-01 6.583333333333332704e-02 2.275000000000000078e-01 3.533333333333333326e-01
3.108333333333333504e-01 8.833333333333333315e-02 2.399999999999999911e-01 3.608333333333333393e-01
1.083333333333333370e-02 1.774999999999999911e-01 5.583333333333333204e-02 7.558333333333333570e-01
2.449999999999999956e-01 3.649999999999999911e-01 1.524999999999999967e-01 2.374999999999999889e-01
7.166666666666667018e-02 4.058333333333333237e-01 1.100000000000000006e-01 4.124999999999999778e-01
3.641666666666666941e-01 4.833333333333333232e-02 1.358333333333333337e-01 4.516666666666666607e-01
3.674999999999999933e-01 1.883333333333333248e-01 4.333333333333333481e-01 1.083333333333333370e-02
