2.449999999999999956e-01 4.750000000000000056e-02 1.283333333333333270e-01 5.791666666666667185e-01
6.999999999999999556e-01 1.400000000000000133e-01 4.750000000000000056e-02 1.125000000000000028e-01
4.499999999999999833e-02 6.158333333333333437e-01 5.083333333333333454e-02 2.883333333333333304e-01
1.166666666666666685e-01 1.975000000000000089e-01 6.250000000000000000e-02 6.233333333333332948e-01
3.166666666666666519e-01 1.091666666666666619e-01 4.483333333333333059e-01 1.258333333333333248e-01
3.166666666666666519e-01 4.083333333333333259e-01 1.900000000000000022e-01 8.500000000000000611e-02
6.333333333333333037e-01 1.741666666666666641e-01 1.350000000000000089e-01 5.750000000000000250e-02
3.775000000000000022e-01 2.158333333333333215e-01 2.983333333333333393e-01 1.083333333333333370e-01
4.283333333333333437e-01 8.500000000000000611e-02 2.600000000000000089e-01 2.266666666666666552e-01
3.866666666666666585e-01 1.866666666666666752e-01 5.916666666666666602e-02 3.674999999999999933e-01
1.241666666666666613e-01 4.491666666666666585e-01 6.083333333333333648e-02 3.658333333333333437e-01
5.100000000000000089e-01 2.099999999999999922e-01 4.583333333333333010e-02 2.341666666666666619e-01
2.874999999999999778e-01 2.124999999999999944e-01 1.666666666666666644e-02 4.833333333333333370e-01
4.149999999999999800e-01 1.424999999999999878e-01 5.833333333333333426e-02 3.841666666666666563e-01
2.683333333333333126e-01 3.950000000000000178e-01 4.833333333333333232e-02 2.883333333333333304e-01
9.083333333333333537e-02 5.141666666666666607e-01 3.433333333333333237e-01 5.166666666666666630e-02
2.149999999999999967e-01 2.750000000000000014e-02 3.408333333333333215e-01 4.166666666666666852e-01
1.633333333333333304e-01 2.516666666666666496e-01 8.833333333333333315e-02 4.966666666666666452e-01
2.474999999999999978e-01 7.833333333333333814e-02 4.666666666666666741e-01 2.074999999999999900e-01
1.116666666666666641e-01 4.600000000000000200e-01 2.025000000000000133e-01 2.258333333333333304e-01
2.541666666666666519e-01 1.466666666666666674e-01 4.083333333333333259e-01 1.908333333333333270e-01
1.458333333333333426e-01 2.200000000000000011e-01 2.449999999999999956e-01 3.891666666666666607e-01
