8.666666666666666963e-02 2.383333333333333415e-01 6.400000000000000133e-01 3.500000000000000333e-02
2.433333333333333459e-01 8.083333333333332649e-02 6.666666666666666574e-02 6.091666666666666341e-01
1.350000000000000089e-01 9.249999999999999889e-02 3.275000000000000133e-01 4.450000000000000067e-01
2.608333333333333059e-01 5.058333333333333570e-01 3.583333333333333509e-02 1.975000000000000089e-01
5.583333333333333204e-02 7.366666666666666918e-01 1.591666666666666785e-01 4.833333333333333232e-02
2.583333333333333592e-01 2.591666666666666563e-01 3.775000000000000022e-01 1.049999999999999961e-01
7.333333333333333370e-02 6.641666666666666829e-01 7.749999999999999944e-02 1.849999999999999978e-01
2.341666666666666619e-01 1.383333333333333359e-01 2.183333333333333237e-01 4.091666666666666785e-01
1.074999999999999983e-01 1.858333333333333226e-01 1.391666666666666607e-01 5.675000000000000044e-01
6.075000000000000400e-01 7.083333333333333148e-02 3.074999999999999956e-01 1.416666666666666595e-02
1.733333333333333393e-01 6.916666666666666796e-02 2.691666666666666652e-01 4.883333333333333415e-01
9.083333333333333537e-02 3.858333333333333059e-01 4.675000000000000266e-01 5.583333333333333204e-02
5.008333333333333526e-01 2.941666666666666874e-01 1.166666666666666685e-01 8.833333333333333315e-02
4.033333333333333215e-01 1.508333333333333470e-01 3.633333333333333415e-01 8.250000000000000389e-02
5.574999999999999956e-01 1.683333333333333348e-01 1.724999999999999867e-01 1.016666666666666691e-01
1.408333333333333381e-01 1.449999999999999900e-01 4.291666666666666408e-01 2.849999999999999756e-01
2.600000000000000089e-01 3.900000000000000133e-01 2.424999999999999933e-01 1.074999999999999983e-01
