1.608333333333333282e-01 4.791666666666666852e-01 3.275000000000000133e-01 3.250000000000000111e-02
6.833333333333332926e-02 3.724999999999999978e-01 3.775000000000000022e-01 1.816666666666666707e-01
4.799999999999999822e-01 7.083333333333333148e-02 1.541666666666666741e-01 2.949999999999999845e-01
1.241666666666666613e-01 3.058333333333333459e-01 2.625000000000000111e-01 3.074999999999999956e-01
5.016666666666667052e-01 1.666666666666666644e-02 1.958333333333333315e-01 2.858333333333333282e-01
3.866666666666666585e-01 5.000000000000000278e-02 2.999999999999999889e-01 2.633333333333333082e-01
2.800000000000000266e-01 3.583333333333333370e-01 6.250000000000000000e-02 2.991666666666666918e-01
1.474999999999999922e-01 5.583333333333333204e-02 5.916666666666666741e-01 2.049999999999999878e-01
4.666666666666666741e-01 4.008333333333333193e-01 7.333333333333333370e-02 5.916666666666666602e-02
3.500000000000000333e-02 7.075000000000000178e-01 1.100000000000000006e-01 1.474999999999999922e-01
1.133333333333333276e-01 6.750000000000000444e-02 4.208333333333333370e-01 3.983333333333333171e-01
1.199999999999999956e-01 6.291666666666666519e-01 1.808333333333333459e-01 7.000000000000000666e-02
2.841666666666666785e-01 9.166666666666666713e-03 4.416666666666666519e-01 2.650000000000000133e-01
3.958333333333333148e-01 8.000000000000000167e-02 7.333333333333333370e-02 4.508333333333333082e-01
4.716666666666666785e-01 1.341666666666666563e-01 1.499999999999999944e-01 2.441666666666666707e-01
1.499999999999999944e-01 3.216666666666666563e-01 1.891666666666666774e-01 3.391666666666666718e-01
1.833333333333333343e-02 4.341666666666666452e-01 1.925000000000000044e-01 3.549999999999999822e-01
2.433333333333333459e-01 4.650000000000000244e-01 1.791666666666666685e-01 1.125000000000000028e-01
5.916666666666666602e-02 1.258333333333333248e-01 7.391666666666666385e-01 7.583333333333333592e-02
2.716666666666666674e-01 4.083333333333333259e-02 2.208333333333333259e-01 4.666666666666666741e-01
