4.108333333333333282e-01 1.316666666666666541e-01 2.583333333333333315e-02 4.316666666666666430e-01
4.233333333333333393e-01 4.324999999999999956e-01 1.250000000000000000e-01 1.916666666666666519e-02
1.583333333333333259e-01 3.441666666666666763e-01 1.283333333333333270e-01 3.691666666666666430e-01
1.400000000000000133e-01 3.775000000000000022e-01 3.758333333333333526e-01 1.066666666666666735e-01
8.583333333333333093e-02 4.600000000000000200e-01 7.499999999999999722e-02 3.791666666666666519e-01
4.849999999999999867e-01 2.566666666666666541e-01 1.491666666666666696e-01 1.091666666666666619e-01
3.141666666666666496e-01 2.049999999999999878e-01 9.666666666666666463e-02 3.841666666666666563e-01
2.733333333333333171e-01 1.424999999999999878e-01 2.275000000000000078e-01 3.566666666666666874e-01
1.224999999999999978e-01 2.291666666666666574e-01 5.166666666666667185e-01 1.316666666666666541e-01
3.058333333333333459e-01 3.975000000000000200e-01 2.000000000000000111e-01 9.666666666666666463e-02
1.049999999999999961e-01 2.616666666666666585e-01 2.808333333333333237e-01 3.524999999999999800e-01
8.333333333333333218e-03 1.049999999999999961e-01 7.391666666666666385e-01 1.474999999999999922e-01
3.491666666666666807e-01 1.541666666666666741e-01 4.349999999999999978e-01 6.166666666666666824e-02
1.424999999999999878e-01 5.783333333333333659e-01 1.650000000000000078e-01 1.141666666666666663e-01
8.491666666666666252e-01 7.749999999999999944e-02 3.083333333333333412e-02 4.250000000000000305e-02
5.866666666666666696e-01 9.416666666666666241e-02 9.333333333333333759e-02 2.258333333333333304e-01
7.000000000000000666e-02 3.375000000000000222e-01 1.058333333333333348e-01 4.866666666666666918e-01
2.500000000000000139e-02 5.875000000000000222e-01 3.058333333333333459e-01 8.166666666666666519e-02
2.974999999999999867e-01 1.275000000000000022e-01 5.033333333333332993e-01 7.166666666666667018e-02
5.416666666666666852e-02 2.766666666666666718e-01 2.016666666666666607e-01 4.675000000000000266e-01
2.700000000000000178e-01 2.174999999999999989e-01 3.441666666666666763e-01 1.683333333333333348e-01
1.966666666666666563e-01 2.916666666666666852e-01 2.583333333333333592e-01 2.533333333333333548e-01
8.333333333333332871e-02 2.675000000000000155e-01 3.716666666666666452e-01 2.775000000000000244e-01
