6.875000000000000000e-01 1.708333333333333370e-01 6.833333333333332926e-02 7.333333333333333370e-02
6.766666666666666385e-01 7.249999999999999500e-02 9.416666666666666241e-02 1.566666666666666763e-01
2.908333333333333326e-01 3.741666666666666474e-01 1.849999999999999978e-01 1.499999999999999944e-01
4.183333333333333348e-01 4.541666666666666630e-01 5.583333333333333204e-02 7.166666666666667018e-02
2.166666666666666741e-01 7.416666666666667240e-02 5.699999999999999512e-01 1.391666666666666607e-01
5.000000000000000278e-02 9.166666666666666019e-02 5.091666666666666563e-01 3.491666666666666807e-01
1.375000000000000111e-01 2.449999999999999956e-01 5.183333333333333126e-01 9.916666666666666685e-02
9.666666666666666463e-02 2.333333333333333440e-02 8.449999999999999734e-01 3.500000000000000333e-02
4.124999999999999778e-01 2.491666666666666752e-01 1.783333333333333437e-01 1.600000000000000033e-01
2.716666666666666674e-01 8.083333333333332649e-02 3.950000000000000178e-01 2.525000000000000022e-01
2.908333333333333326e-01 3.333333333333333148e-01 2.250000000000000056e-01 1.508333333333333470e-01
4.749999999999999778e-01 1.016666666666666691e-01 1.033333333333333326e-01 3.200000000000000067e-01
3.875000000000000111e-01 4.583333333333333010e-02 4.433333333333333570e-01 1.233333333333333365e-01
9.583333333333333981e-02 3.508333333333333304e-01 1.091666666666666619e-01 4.441666666666666541e-01
2.149999999999999967e-01 2.200000000000000011e-01 1.575000000000000011e-01 4.074999999999999734e-01
1.941666666666666541e-01 1.133333333333333276e-01 2.283333333333333326e-01 4.641666666666666718e-01
4.675000000000000266e-01 7.749999999999999944e-02 2.791666666666666741e-01 1.758333333333333415e-01
1.108333333333333393e-01 3.208333333333333592e-01 2.683333333333333126e-01 2.999999999999999889e-01
3.950000000000000178e-01 4.124999999999999778e-01 7.083333333333333148e-02 1.216666666666666730e-01
5.675000000000000044e-01 5.833333333333333426e-02 5.249999999999999806e-02 3.216666666666666563e-01
