2.691666666666666652e-01 1.100000000000000006e-01 8.333333333333332871e-02 5.374999999999999778e-01
2.049999999999999878e-01 4.633333333333333193e-01 2.858333333333333282e-01 4.583333333333333010e-02
2.883333333333333304e-01 1.100000000000000006e-01 9.666666666666666463e-02 5.050000000000000044e-01
1.925000000000000044e-01 5.158333333333333659e-01 1.683333333333333348e-01 1.233333333333333365e-01
1.008333333333333304e-01 4.616666666666666696e-01 1.166666666666666685e-01 3.208333333333333592e-01
3.166666666666666935e-02 3.800000000000000044e-01 2.058333333333333404e-01 3.825000000000000067e-01
2.049999999999999878e-01 8.333333333333333218e-03 5.216666666666666119e-01 2.650000000000000133e-01
2.941666666666666874e-01 3.033333333333333437e-01 2.008333333333333359e-01 2.016666666666666607e-01
5.649999999999999467e-01 2.249999999999999917e-02 3.941666666666666652e-01 1.833333333333333343e-02
2.483333333333333226e-01 3.583333333333333370e-01 2.958333333333333370e-01 9.750000000000000333e-02
6.408333333333333659e-01 7.333333333333333370e-02 2.700000000000000178e-01 1.583333333333333467e-02
7.166666666666667018e-02 1.125000000000000028e-01 1.183333333333333320e-01 6.975000000000000089e-01
2.483333333333333226e-01 2.300000000000000100e-01 5.249999999999999806e-02 4.691666666666666763e-01
1.383333333333333359e-01 1.341666666666666563e-01 4.400000000000000022e-01 2.874999999999999778e-01
1.358333333333333337e-01 3.616666666666666918e-01 1.466666666666666674e-01 3.558333333333333348e-01
3.066666666666666430e-01 6.083333333333332815e-01 1.916666666666666519e-02 6.583333333333332704e-02
1.016666666666666691e-01 1.966666666666666563e-01 3.808333333333333570e-01 3.208333333333333592e-01
3.083333333333333481e-01 5.775000000000000133e-01 1.499999999999999944e-02 9.916666666666666685e-02
2.949999999999999845e-01 2.016666666666666607e-01 3.425000000000000266e-01 1.608333333333333282e-01
3.574999999999999845e-01 5.833333333333333426e-02 1.233333333333333365e-01 4.608333333333333171e-01
2.124999999999999944e-01 3.158333333333333548e-01 1.241666666666666613e-01 3.474999999999999756e-01
2.891666666666666829e-01 1.858333333333333226e-01 1.116666666666666641e-01 4.133333333333333304e-01
5.408333333333333881e-01 2.266666666666666552e-01 1.724999999999999867e-01 5.999999999999999778e-02
