3.225000000000000089e-01 8.500000000000000611e-02 5.041666666666666519e-01 8.833333333333333315e-02
1.983333333333333337e-01 2.000000000000000111e-01 3.316666666666666652e-01 2.700000000000000178e-01
3.158333333333333548e-01 2.374999999999999889e-01 1.608333333333333282e-01 2.858333333333333282e-01
4.108333333333333282e-01 3.474999999999999756e-01 1.375000000000000111e-01 1.041666666666666713e-01
3.308333333333333126e-01 1.683333333333333348e-01 4.199999999999999845e-01 8.083333333333332649e-02
8.083333333333332649e-02 2.941666666666666874e-01 5.666666666666666380e-02 5.683333333333333570e-01
3.008333333333333415e-01 2.533333333333333548e-01 3.049999999999999933e-01 1.408333333333333381e-01
1.333333333333333315e-01 1.716666666666666619e-01 3.583333333333333370e-01 3.366666666666666696e-01
9.500000000000000111e-02 2.249999999999999917e-02 2.958333333333333370e-01 5.866666666666666696e-01
6.833333333333333481e-01 2.833333333333333190e-02 1.100000000000000006e-01 1.783333333333333437e-01
8.199999999999999512e-01 4.416666666666666657e-02 0.000000000000000000e+00 1.358333333333333337e-01
2.208333333333333259e-01 4.241666666666666918e-01 5.666666666666666380e-02 2.983333333333333393e-01
1.291666666666666796e-01 2.275000000000000078e-01 3.008333333333333415e-01 3.425000000000000266e-01
2.250000000000000056e-01 4.000000000000000222e-01 8.166666666666666519e-02 2.933333333333333348e-01
2.008333333333333359e-01 6.041666666666666297e-01 3.083333333333333412e-02 1.641666666666666552e-01
3.583333333333333370e-01 4.241666666666666918e-01 5.833333333333333426e-02 1.591666666666666785e-01
4.091666666666666785e-01 2.449999999999999956e-01 1.900000000000000022e-01 1.558333333333333237e-01
2.149999999999999967e-01 3.416666666666666463e-02 6.149999999999999911e-01 1.358333333333333337e-01
3.041666666666666408e-01 6.166666666666666824e-02 1.524999999999999967e-01 4.816666666666666874e-01
1.183333333333333320e-01 5.108333333333333615e-01 1.158333333333333298e-01 2.550000000000000044e-01
7.916666666666666297e-02 2.833333333333333259e-01 3.599999999999999867e-01 2.775000000000000244e-01
