7.025000000000000133e-01 8.000000000000000167e-02 9.416666666666666241e-02 1.233333333333333365e-01
1.358333333333333337e-01 1.208333333333333343e-01 6.374999999999999556e-01 1.058333333333333348e-01
1.224999999999999978e-01 6.750000000000000444e-02 4.083333333333333259e-02 7.691666666666666652e-01
1.741666666666666641e-01 1.841666666666666730e-01 4.208333333333333370e-01 2.208333333333333259e-01
2.374999999999999889e-01 3.549999999999999822e-01 2.291666666666666574e-01 1.783333333333333437e-01
7.066666666666666652e-01 1.241666666666666613e-01 5.249999999999999806e-02 1.166666666666666685e-01
7.391666666666666385e-01 1.033333333333333326e-01 6.166666666666666824e-02 9.583333333333333981e-02
9.416666666666666241e-02 7.066666666666666652e-01 7.083333333333333148e-02 1.283333333333333270e-01
8.416666666666666741e-02 1.191666666666666707e-01 7.241666666666666252e-01 7.249999999999999500e-02
1.774999999999999911e-01 1.666666666666666574e-01 4.541666666666666630e-01 2.016666666666666607e-01
1.033333333333333326e-01 6.600000000000000311e-01 1.024999999999999939e-01 1.341666666666666563e-01
2.325000000000000122e-01 3.391666666666666718e-01 1.983333333333333337e-01 2.300000000000000100e-01
7.208333333333333259e-01 8.916666666666667185e-02 1.491666666666666696e-01 4.083333333333333259e-02
1.875000000000000000e-01 2.250000000000000056e-01 4.008333333333333193e-01 1.866666666666666752e-01
1.499999999999999944e-01 1.358333333333333337e-01 5.708333333333333037e-01 1.433333333333333404e-01
1.766666666666666663e-01 3.833333333333333592e-01 1.858333333333333226e-01 2.541666666666666519e-01
1.533333333333333215e-01 1.575000000000000011e-01 1.383333333333333359e-01 5.508333333333332860e-01
5.091666666666666563e-01 1.558333333333333237e-01 1.641666666666666552e-01 1.708333333333333370e-01
9.416666666666666241e-02 6.524999999999999689e-01 1.208333333333333343e-01 1.325000000000000067e-01
9.166666666666666019e-02 7.466666666666667007e-01 8.166666666666666519e-02 8.000000000000000167e-02
