2.066666666666666652e-01 2.366666666666666641e-01 7.499999999999999722e-03 5.491666666666666918e-01
8.666666666666666963e-02 5.416666666666666852e-02 3.750000000000000000e-01 4.841666666666666896e-01
5.783333333333333659e-01 1.366666666666666585e-01 4.166666666666666435e-02 2.433333333333333459e-01
2.625000000000000111e-01 1.208333333333333343e-01 5.783333333333333659e-01 3.833333333333333037e-02
1.066666666666666735e-01 4.124999999999999778e-01 4.341666666666666452e-01 4.666666666666666879e-02
2.074999999999999900e-01 3.125000000000000000e-01 6.583333333333332704e-02 4.141666666666666829e-01
1.166666666666666685e-01 2.366666666666666641e-01 2.466666666666666730e-01 4.000000000000000222e-01
4.358333333333333504e-01 9.166666666666666019e-02 7.666666666666666075e-02 3.958333333333333148e-01
4.183333333333333348e-01 1.658333333333333326e-01 7.166666666666667018e-02 3.441666666666666763e-01
4.491666666666666585e-01 1.508333333333333470e-01 1.925000000000000044e-01 2.074999999999999900e-01
5.625000000000000000e-01 1.608333333333333282e-01 1.758333333333333415e-01 1.008333333333333304e-01
9.333333333333333759e-02 2.725000000000000200e-01 6.916666666666666796e-02 5.649999999999999467e-01
2.025000000000000133e-01 5.699999999999999512e-01 1.900000000000000022e-01 3.749999999999999861e-02
1.591666666666666785e-01 2.283333333333333326e-01 2.083333333333333426e-01 4.041666666666666741e-01
2.208333333333333259e-01 1.008333333333333304e-01 3.558333333333333348e-01 3.225000000000000089e-01
3.449999999999999734e-01 2.725000000000000200e-01 3.074999999999999956e-01 7.499999999999999722e-02
1.633333333333333304e-01 4.216666666666666896e-01 3.833333333333333037e-02 3.766666666666666496e-01
1.366666666666666585e-01 2.266666666666666552e-01 3.983333333333333171e-01 2.383333333333333415e-01
1.824999999999999956e-01 2.591666666666666563e-01 4.991666666666666474e-01 5.916666666666666602e-02
7.083333333333333148e-02 4.191666666666666874e-01 4.533333333333333104e-01 5.666666666666666380e-02
5.308333333333333792e-01 7.166666666666667018e-02 2.866666666666666807e-01 1.108333333333333393e-01
2.325000000000000122e-01 8.749999999999999445e-02 9.333333333333333759e-02 5.866666666666666696e-01
2.541666666666666519e-01 4.441666666666666541e-01 5.833333333333333426e-02 2.433333333333333459e-01
