9.249999999999999889e-02 4.216666666666666896e-01 4.824999999999999845e-01 3.333333333333333547e-03
2.141666666666666718e-01 1.375000000000000111e-01 1.908333333333333270e-01 4.575000000000000178e-01
5.000000000000000278e-02 3.633333333333333415e-01 2.725000000000000200e-01 3.141666666666666496e-01
2.808333333333333237e-01 1.858333333333333226e-01 9.916666666666666685e-02 4.341666666666666452e-01
1.091666666666666619e-01 2.349999999999999867e-01 3.408333333333333215e-01 3.150000000000000022e-01
2.466666666666666730e-01 2.066666666666666652e-01 1.758333333333333415e-01 3.708333333333333481e-01
5.341666666666666785e-01 6.916666666666666796e-02 2.816666666666666763e-01 1.150000000000000050e-01
5.166666666666666630e-02 4.299999999999999933e-01 1.783333333333333437e-01 3.400000000000000244e-01
1.224999999999999978e-01 4.833333333333333232e-02 5.791666666666667185e-01 2.500000000000000000e-01
2.141666666666666718e-01 2.558333333333333570e-01 5.233333333333333171e-01 6.666666666666667095e-03
1.208333333333333343e-01 8.500000000000000611e-02 6.166666666666666824e-02 7.325000000000000400e-01
2.466666666666666730e-01 2.275000000000000078e-01 7.333333333333333370e-02 4.525000000000000133e-01
2.474999999999999978e-01 5.358333333333333837e-01 1.833333333333333204e-01 3.333333333333333287e-02
3.049999999999999933e-01 5.016666666666667052e-01 1.008333333333333304e-01 9.249999999999999889e-02
2.166666666666666741e-01 5.925000000000000266e-01 2.833333333333333190e-02 1.625000000000000056e-01
6.291666666666666519e-01 1.900000000000000022e-01 5.249999999999999806e-02 1.283333333333333270e-01
1.233333333333333365e-01 1.700000000000000122e-01 1.433333333333333404e-01 5.633333333333333526e-01
1.424999999999999878e-01 1.250000000000000000e-01 2.416666666666666685e-01 4.908333333333333437e-01
8.416666666666666741e-02 1.458333333333333426e-01 6.766666666666666385e-01 9.333333333333333759e-02
