2.758333333333333193e-01 5.583333333333333204e-02 5.241666666666666696e-01 1.441666666666666652e-01
3.133333333333333526e-01 5.583333333333333204e-02 4.166666666666666852e-01 2.141666666666666718e-01
3.225000000000000089e-01 1.875000000000000000e-01 2.049999999999999878e-01 2.849999999999999756e-01
6.416666666666666352e-02 1.024999999999999939e-01 1.641666666666666552e-01 6.691666666666666874e-01
6.083333333333333648e-02 4.341666666666666452e-01 1.749999999999999889e-01 3.300000000000000155e-01
2.658333333333333104e-01 4.166666666666666435e-02 1.058333333333333348e-01 5.866666666666666696e-01
4.000000000000000083e-02 4.525000000000000133e-01 3.425000000000000266e-01 1.650000000000000078e-01
1.733333333333333393e-01 1.625000000000000056e-01 1.708333333333333370e-01 4.933333333333333459e-01
1.166666666666666685e-01 5.066666666666667096e-01 3.225000000000000089e-01 5.416666666666666852e-02
2.325000000000000122e-01 4.466666666666666563e-01 1.566666666666666763e-01 1.641666666666666552e-01
4.333333333333333481e-01 2.049999999999999878e-01 7.249999999999999500e-02 2.891666666666666829e-01
2.383333333333333415e-01 1.900000000000000022e-01 2.399999999999999911e-01 3.316666666666666652e-01
1.833333333333333343e-02 1.125000000000000028e-01 5.825000000000000178e-01 2.866666666666666807e-01
5.316666666666666208e-01 2.016666666666666607e-01 1.133333333333333276e-01 1.533333333333333215e-01
7.083333333333333148e-02 1.883333333333333248e-01 3.566666666666666874e-01 3.841666666666666563e-01
1.583333333333333259e-01 2.700000000000000178e-01 3.441666666666666763e-01 2.275000000000000078e-01
2.483333333333333226e-01 5.658333333333332993e-01 1.524999999999999967e-01 3.333333333333333287e-02
1.250000000000000000e-01 2.250000000000000056e-01 4.199999999999999845e-01 2.300000000000000100e-01
1.650000000000000078e-01 9.833333333333332815e-02 3.749999999999999861e-02 6.991666666666667140e-01
7.108333333333333171e-01 1.383333333333333359e-01 1.391666666666666607e-01 1.166666666666666720e-02
2.791666666666666741e-01 1.066666666666666735e-01 3.216666666666666563e-01 2.924999999999999822e-01
9.333333333333333759e-02 5.908333333333333215e-01 7.083333333333333148e-02 2.449999999999999956e-01
1.166666666666666685e-01 3.666666666666666408e-01 3.816666666666666541e-01 1.350000000000000089e-01
