3.150000000000000022e-01 7.916666666666666297e-02 5.433333333333333348e-01 6.250000000000000000e-02
2.666666666666666630e-01 5.333333333333333259e-01 1.458333333333333426e-01 5.416666666666666852e-02
4.416666666666666519e-01 1.224999999999999978e-01 1.466666666666666674e-01 2.891666666666666829e-01
1.091666666666666619e-01 7.458333333333333481e-01 1.083333333333333370e-02 1.341666666666666563e-01
3.508333333333333304e-01 3.200000000000000067e-01 1.866666666666666752e-01 1.424999999999999878e-01
7.333333333333333370e-02 2.533333333333333548e-01 2.908333333333333326e-01 3.825000000000000067e-01
3.366666666666666696e-01 1.875000000000000000e-01 2.449999999999999956e-01 2.308333333333333348e-01
3.841666666666666563e-01 1.483333333333333448e-01 2.333333333333333370e-01 2.341666666666666619e-01
2.033333333333333381e-01 1.083333333333333370e-01 2.899999999999999800e-01 3.983333333333333171e-01
8.416666666666666741e-02 4.475000000000000089e-01 3.624999999999999889e-01 1.058333333333333348e-01
3.258333333333333082e-01 4.233333333333333393e-01 6.583333333333332704e-02 1.849999999999999978e-01
3.291666666666666630e-01 3.691666666666666430e-01 2.675000000000000155e-01 3.416666666666666463e-02
4.166666666666666435e-02 3.241666666666666585e-01 2.366666666666666641e-01 3.975000000000000200e-01
3.383333333333333193e-01 2.216666666666666785e-01 3.258333333333333082e-01 1.141666666666666663e-01
1.625000000000000056e-01 3.449999999999999734e-01 2.041666666666666630e-01 2.883333333333333304e-01
2.766666666666666718e-01 8.999999999999999667e-02 1.666666666666666574e-01 4.666666666666666741e-01
1.833333333333333343e-02 1.600000000000000033e-01 7.900000000000000355e-01 3.166666666666666935e-02
1.141666666666666663e-01 6.333333333333333870e-02 1.024999999999999939e-01 7.199999999999999734e-01
4.499999999999999833e-02 6.108333333333333393e-01 1.325000000000000067e-01 2.116666666666666696e-01
4.066666666666666763e-01 3.408333333333333215e-01 1.508333333333333470e-01 1.016666666666666691e-01
1.166666666666666720e-02 2.550000000000000044e-01 4.008333333333333193e-01 3.325000000000000178e-01
1.049999999999999961e-01 2.808333333333333237e-01 4.241666666666666918e-01 1.900000000000000022e-01
5.750000000000000250e-02 1.224999999999999978e-01 5.366666666666666252e-01 2.833333333333333259e-01
