1.849999999999999978e-01 1.700000000000000122e-01 6.199999999999999956e-01 2.500000000000000139e-02
6.533333333333333215e-01 1.283333333333333270e-01 4.000000000000000083e-02 1.783333333333333437e-01
1.133333333333333276e-01 2.058333333333333404e-01 1.016666666666666691e-01 5.791666666666667185e-01
2.250000000000000056e-01 1.174999999999999933e-01 6.374999999999999556e-01 2.000000000000000042e-02
2.249999999999999917e-02 4.000000000000000083e-02 5.158333333333333659e-01 4.216666666666666896e-01
4.783333333333333326e-01 1.433333333333333404e-01 1.883333333333333248e-01 1.900000000000000022e-01
1.858333333333333226e-01 1.150000000000000050e-01 4.591666666666666674e-01 2.399999999999999911e-01
2.258333333333333304e-01 9.249999999999999889e-02 1.750000000000000167e-02 6.641666666666666829e-01
3.800000000000000044e-01 2.049999999999999878e-01 7.833333333333333814e-02 3.366666666666666696e-01
3.033333333333333437e-01 3.099999999999999978e-01 1.625000000000000056e-01 2.241666666666666530e-01
4.475000000000000089e-01 1.900000000000000022e-01 2.899999999999999800e-01 7.249999999999999500e-02
3.066666666666666430e-01 2.683333333333333126e-01 6.166666666666666824e-02 3.633333333333333415e-01
4.483333333333333059e-01 1.375000000000000111e-01 1.100000000000000006e-01 3.041666666666666408e-01
5.666666666666666380e-02 5.174999999999999600e-01 2.016666666666666607e-01 2.241666666666666530e-01
3.674999999999999933e-01 4.750000000000000056e-02 1.133333333333333276e-01 4.716666666666666785e-01
5.091666666666666563e-01 1.858333333333333226e-01 2.316666666666666596e-01 7.333333333333333370e-02
4.083333333333333259e-01 2.033333333333333381e-01 3.150000000000000022e-01 7.333333333333333370e-02
1.333333333333333315e-01 2.483333333333333226e-01 3.608333333333333393e-01 2.575000000000000067e-01
2.558333333333333570e-01 2.700000000000000178e-01 3.416666666666666741e-01 1.325000000000000067e-01
5.941666666666666208e-01 2.891666666666666829e-01 4.000000000000000083e-02 7.666666666666666075e-02
4.016666666666666718e-01 1.583333333333333259e-01 2.766666666666666718e-01 1.633333333333333304e-01
