8.666666666666666963e-02 2.916666666666666713e-02 4.250000000000000305e-02 8.416666666666666741e-01
2.133333333333333470e-01 4.483333333333333059e-01 3.041666666666666408e-01 3.416666666666666463e-02
1.916666666666666796e-01 6.508333333333333748e-01 9.500000000000000111e-02 6.250000000000000000e-02
1.733333333333333393e-01 2.008333333333333359e-01 3.841666666666666563e-01 2.416666666666666685e-01
2.808333333333333237e-01 1.533333333333333215e-01 6.416666666666666352e-02 5.016666666666667052e-01
8.083333333333332649e-02 1.916666666666666796e-01 1.041666666666666713e-01 6.233333333333332948e-01
3.341666666666666674e-01 2.600000000000000089e-01 1.658333333333333326e-01 2.399999999999999911e-01
3.258333333333333082e-01 3.266666666666666607e-01 3.333333333333333287e-02 3.141666666666666496e-01
6.750000000000000444e-02 5.708333333333333037e-01 2.124999999999999944e-01 1.491666666666666696e-01
2.666666666666666630e-01 1.116666666666666641e-01 1.666666666666666574e-01 4.550000000000000155e-01
4.491666666666666585e-01 1.116666666666666641e-01 3.666666666666666408e-01 7.249999999999999500e-02
1.975000000000000089e-01 2.083333333333333426e-01 1.474999999999999922e-01 4.466666666666666563e-01
2.041666666666666630e-01 3.250000000000000111e-01 3.083333333333333481e-01 1.625000000000000056e-01
2.016666666666666607e-01 5.833333333333333703e-01 1.774999999999999911e-01 3.749999999999999861e-02
2.333333333333333370e-01 3.825000000000000067e-01 8.333333333333332871e-02 3.008333333333333415e-01
2.583333333333333592e-01 4.324999999999999956e-01 1.841666666666666730e-01 1.250000000000000000e-01
3.758333333333333526e-01 2.883333333333333304e-01 1.883333333333333248e-01 1.474999999999999922e-01
4.041666666666666741e-01 8.500000000000000611e-02 2.808333333333333237e-01 2.300000000000000100e-01
2.399999999999999911e-01 4.508333333333333082e-01 2.583333333333333592e-01 5.083333333333333454e-02
9.916666666666666685e-02 5.883333333333333748e-01 4.166666666666666435e-02 2.708333333333333148e-01
3.658333333333333437e-01 4.466666666666666563e-01 1.333333333333333315e-01 5.416666666666666852e-02
1.224999999999999978e-01 3.258333333333333082e-01 4.299999999999999933e-01 1.216666666666666730e-01
