1.325000000000000067e-01 5.841666666666666119e-01 9.500000000000000111e-02 1.883333333333333248e-01
5.916666666666666602e-02 5.058333333333333570e-01 1.708333333333333370e-01 2.641666666666666607e-01
1.883333333333333248e-01 5.000000000000000000e-01 2.566666666666666541e-01 5.500000000000000028e-02
5.458333333333332815e-01 2.300000000000000100e-01 9.333333333333333759e-02 1.308333333333333293e-01
4.466666666666666563e-01 4.000000000000000083e-02 2.250000000000000056e-01 2.883333333333333304e-01
4.333333333333333481e-02 1.733333333333333393e-01 6.008333333333333304e-01 1.824999999999999956e-01
5.699999999999999512e-01 9.666666666666666463e-02 2.233333333333333282e-01 1.100000000000000006e-01
1.991666666666666585e-01 3.383333333333333193e-01 2.183333333333333237e-01 2.441666666666666707e-01
3.266666666666666607e-01 2.208333333333333259e-01 2.249999999999999917e-02 4.299999999999999933e-01
8.749999999999999445e-02 1.883333333333333248e-01 4.666666666666666879e-02 6.774999999999999911e-01
1.916666666666666519e-02 3.408333333333333215e-01 2.883333333333333304e-01 3.516666666666666829e-01
1.083333333333333370e-01 1.900000000000000022e-01 5.116666666666667140e-01 1.900000000000000022e-01
4.658333333333333215e-01 1.716666666666666619e-01 4.000000000000000083e-02 3.225000000000000089e-01
6.108333333333333393e-01 2.833333333333333190e-02 1.950000000000000067e-01 1.658333333333333326e-01
1.158333333333333298e-01 2.916666666666666713e-02 5.024999999999999467e-01 3.524999999999999800e-01
4.366666666666666474e-01 2.250000000000000056e-01 1.499999999999999944e-01 1.883333333333333248e-01
1.291666666666666796e-01 1.391666666666666607e-01 1.833333333333333204e-01 5.483333333333333393e-01
1.033333333333333326e-01 1.250000000000000000e-01 1.600000000000000033e-01 6.116666666666666918e-01
7.416666666666667240e-02 3.208333333333333592e-01 9.916666666666666685e-02 5.058333333333333570e-01
2.966666666666666896e-01 8.083333333333332649e-02 3.825000000000000067e-01 2.399999999999999911e-01
4.291666666666666408e-01 3.624999999999999889e-01 1.174999999999999933e-01 9.083333333333333537e-02
2.608333333333333059e-01 2.816666666666666763e-01 2.866666666666666807e-01 1.708333333333333370e-01
4.783333333333333326e-01 1.491666666666666696e-01 2.800000000000000266e-01 9.249999999999999889e-02
