1.941666666666666541e-01 1.683333333333333348e-01 9.583333333333333981e-02 5.416666666666666297e-01
4.541666666666666630e-01 2.066666666666666652e-01 1.691666666666666596e-01 1.700000000000000122e-01
6.591666666666666785e-01 8.749999999999999445e-02 1.241666666666666613e-01 1.291666666666666796e-01
3.241666666666666585e-01 4.916666666666666408e-02 3.975000000000000200e-01 2.291666666666666574e-01
9.750000000000000333e-02 5.024999999999999467e-01 2.641666666666666607e-01 1.358333333333333337e-01
3.500000000000000333e-02 1.600000000000000033e-01 4.124999999999999778e-01 3.925000000000000155e-01
3.674999999999999933e-01 1.383333333333333359e-01 2.641666666666666607e-01 2.300000000000000100e-01
7.333333333333333370e-02 1.666666666666666644e-02 6.183333333333332904e-01 2.916666666666666852e-01
3.449999999999999734e-01 2.991666666666666918e-01 3.533333333333333326e-01 2.500000000000000052e-03
3.491666666666666807e-01 7.249999999999999500e-02 4.450000000000000067e-01 1.333333333333333315e-01
9.666666666666666463e-02 2.708333333333333148e-01 4.550000000000000155e-01 1.774999999999999911e-01
8.250000000000000389e-02 8.416666666666666741e-02 6.374999999999999556e-01 1.958333333333333315e-01
4.916666666666666408e-02 2.750000000000000014e-02 4.708333333333333259e-01 4.525000000000000133e-01
4.541666666666666630e-01 3.516666666666666829e-01 1.341666666666666563e-01 5.999999999999999778e-02
2.391666666666666663e-01 8.583333333333333093e-02 3.674999999999999933e-01 3.074999999999999956e-01
5.983333333333333837e-01 1.750000000000000167e-02 2.924999999999999822e-01 9.166666666666666019e-02
2.849999999999999756e-01 6.583333333333332704e-02 5.174999999999999600e-01 1.316666666666666541e-01
4.266666666666666941e-01 1.575000000000000011e-01 1.908333333333333270e-01 2.250000000000000056e-01
4.699999999999999734e-01 1.191666666666666707e-01 3.466666666666666785e-01 6.416666666666666352e-02
3.041666666666666408e-01 1.741666666666666641e-01 3.333333333333333148e-01 1.883333333333333248e-01
1.416666666666666630e-01 5.533333333333333437e-01 1.366666666666666585e-01 1.683333333333333348e-01
