7.816666666666666208e-01 8.083333333333332649e-02 8.166666666666666519e-02 5.583333333333333204e-02
9.083333333333333537e-02 1.366666666666666585e-01 6.441666666666666652e-01 1.283333333333333270e-01
5.000000000000000278e-02 1.483333333333333448e-01 1.233333333333333365e-01 6.783333333333333437e-01
1.258333333333333248e-01 2.974999999999999867e-01 3.433333333333333237e-01 2.333333333333333370e-01
1.833333333333333204e-01 4.983333333333333504e-01 1.499999999999999944e-01 1.683333333333333348e-01
7.366666666666666918e-01 5.916666666666666602e-02 1.508333333333333470e-01 5.333333333333333676e-02
7.533333333333332993e-01 1.100000000000000006e-01 2.583333333333333315e-02 1.108333333333333393e-01
1.291666666666666796e-01 6.566666666666666208e-01 5.333333333333333676e-02 1.608333333333333282e-01
1.183333333333333320e-01 8.833333333333333315e-02 6.866666666666666474e-01 1.066666666666666735e-01
7.916666666666666297e-02 1.074999999999999983e-01 6.466666666666666119e-01 1.666666666666666574e-01
7.000000000000000666e-02 6.600000000000000311e-01 1.383333333333333359e-01 1.316666666666666541e-01
1.691666666666666596e-01 5.658333333333332993e-01 1.458333333333333426e-01 1.191666666666666707e-01
6.241666666666666474e-01 1.183333333333333320e-01 1.300000000000000044e-01 1.275000000000000022e-01
1.366666666666666585e-01 1.191666666666666707e-01 5.925000000000000266e-01 1.516666666666666718e-01
