1.975000000000000089e-01 1.141666666666666663e-01 5.533333333333333437e-01 1.350000000000000089e-01
1.058333333333333348e-01 6.366666666666667140e-01 1.033333333333333326e-01 1.541666666666666741e-01
1.108333333333333393e-01 5.825000000000000178e-01 1.608333333333333282e-01 1.458333333333333426e-01
2.999999999999999889e-02 7.033333333333333659e-01 1.416666666666666630e-01 1.250000000000000000e-01
1.041666666666666713e-01 1.791666666666666685e-01 4.516666666666666607e-01 2.650000000000000133e-01
2.491666666666666752e-01 9.750000000000000333e-02 4.558333333333333126e-01 1.975000000000000089e-01
5.400000000000000355e-01 7.249999999999999500e-02 3.416666666666666463e-02 3.533333333333333326e-01
3.266666666666666607e-01 7.416666666666667240e-02 1.950000000000000067e-01 4.041666666666666741e-01
5.458333333333332815e-01 1.275000000000000022e-01 2.141666666666666718e-01 1.125000000000000028e-01
1.483333333333333448e-01 3.483333333333333282e-01 4.083333333333333259e-01 9.500000000000000111e-02
1.250000000000000069e-02 4.733333333333333282e-01 4.466666666666666563e-01 6.750000000000000444e-02
1.724999999999999867e-01 6.474999999999999645e-01 1.691666666666666596e-01 1.083333333333333370e-02
1.133333333333333276e-01 5.833333333333333426e-02 3.699999999999999956e-01 4.583333333333333148e-01
3.491666666666666807e-01 2.550000000000000044e-01 2.683333333333333126e-01 1.275000000000000022e-01
2.833333333333333190e-02 3.308333333333333126e-01 2.025000000000000133e-01 4.383333333333333526e-01
2.791666666666666741e-01 6.075000000000000400e-01 5.416666666666666852e-02 5.916666666666666602e-02
3.458333333333333259e-01 1.958333333333333315e-01 1.141666666666666663e-01 3.441666666666666763e-01
3.800000000000000044e-01 8.333333333333332871e-02 1.016666666666666691e-01 4.349999999999999978e-01
7.416666666666667240e-02 5.508333333333332860e-01 2.066666666666666652e-01 1.683333333333333348e-01
1.849999999999999978e-01 5.008333333333333526e-01 7.416666666666667240e-02 2.399999999999999911e-01
2.049999999999999878e-01 1.541666666666666741e-01 3.108333333333333504e-01 3.300000000000000155e-01
