1.375000000000000111e-01 7.916666666666666297e-02 2.725000000000000200e-01 5.108333333333333615e-01
1.483333333333333448e-01 2.500000000000000139e-02 3.925000000000000155e-01 4.341666666666666452e-01
1.250000000000000069e-02 5.666666666666666380e-02 1.424999999999999878e-01 7.883333333333333304e-01
4.924999999999999933e-01 1.516666666666666718e-01 1.791666666666666685e-01 1.766666666666666663e-01
4.816666666666666874e-01 5.750000000000000250e-02 2.558333333333333570e-01 2.049999999999999878e-01
3.866666666666666585e-01 1.583333333333333259e-01 1.908333333333333270e-01 2.641666666666666607e-01
2.783333333333333215e-01 8.083333333333332649e-02 7.666666666666666075e-02 5.641666666666667052e-01
6.666666666666666574e-02 2.841666666666666785e-01 4.458333333333333592e-01 2.033333333333333381e-01
5.000000000000000278e-02 1.658333333333333326e-01 3.458333333333333259e-01 4.383333333333333526e-01
1.100000000000000006e-01 4.949999999999999956e-01 6.916666666666666796e-02 3.258333333333333082e-01
3.733333333333333504e-01 5.249999999999999806e-02 4.908333333333333437e-01 8.333333333333332871e-02
1.808333333333333459e-01 1.400000000000000133e-01 2.108333333333333448e-01 4.683333333333333237e-01
6.141666666666666385e-01 4.499999999999999833e-02 2.941666666666666874e-01 4.666666666666666879e-02
1.024999999999999939e-01 1.891666666666666774e-01 2.575000000000000067e-01 4.508333333333333082e-01
1.000000000000000021e-02 7.000000000000000666e-02 2.999999999999999889e-01 6.199999999999999956e-01
3.366666666666666696e-01 3.083333333333333412e-02 1.108333333333333393e-01 5.216666666666666119e-01
1.975000000000000089e-01 4.658333333333333215e-01 1.625000000000000056e-01 1.741666666666666641e-01
2.283333333333333326e-01 4.916666666666666408e-02 2.575000000000000067e-01 4.650000000000000244e-01
2.741666666666666696e-01 2.374999999999999889e-01 3.616666666666666918e-01 1.266666666666666774e-01
2.183333333333333237e-01 3.508333333333333304e-01 1.083333333333333370e-01 3.225000000000000089e-01
2.049999999999999878e-01 4.908333333333333437e-01 1.675000000000000100e-01 1.366666666666666585e-01
2.591666666666666563e-01 1.683333333333333348e-01 4.883333333333333415e-01 8.416666666666666741e-02
2.200000000000000011e-01 1.683333333333333348e-01 2.550000000000000044e-01 3.566666666666666874e-01
