3.966666666666666674e-01 3.766666666666666496e-01 8.333333333333333218e-03 2.183333333333333237e-01
2.600000000000000089e-01 1.333333333333333315e-01 4.575000000000000178e-01 1.491666666666666696e-01
2.000000000000000111e-01 8.666666666666666963e-02 4.458333333333333592e-01 2.675000000000000155e-01
2.408333333333333437e-01 3.708333333333333481e-01 6.750000000000000444e-02 3.208333333333333592e-01
6.166666666666666824e-02 1.816666666666666707e-01 2.575000000000000067e-01 4.991666666666666474e-01
3.649999999999999911e-01 1.133333333333333276e-01 3.791666666666666519e-01 1.424999999999999878e-01
3.099999999999999978e-01 1.799999999999999933e-01 5.083333333333333454e-02 4.591666666666666674e-01
4.666666666666666879e-02 2.049999999999999878e-01 6.141666666666666385e-01 1.341666666666666563e-01
3.150000000000000022e-01 3.975000000000000200e-01 3.083333333333333412e-02 2.566666666666666541e-01
4.558333333333333126e-01 5.916666666666666602e-02 2.933333333333333348e-01 1.916666666666666796e-01
6.750000000000000444e-02 8.916666666666667185e-02 4.849999999999999867e-01 3.583333333333333370e-01
4.499999999999999833e-02 1.708333333333333370e-01 3.566666666666666874e-01 4.274999999999999911e-01
2.291666666666666574e-01 4.600000000000000200e-01 1.016666666666666691e-01 2.091666666666666674e-01
1.541666666666666741e-01 2.999999999999999889e-01 3.325000000000000178e-01 2.133333333333333470e-01
3.833333333333333592e-01 5.400000000000000355e-01 3.333333333333333287e-02 4.333333333333333481e-02
2.258333333333333304e-01 2.750000000000000014e-02 4.708333333333333259e-01 2.758333333333333193e-01
1.125000000000000028e-01 6.333333333333333870e-02 3.508333333333333304e-01 4.733333333333333282e-01
6.608333333333333837e-01 1.441666666666666652e-01 2.333333333333333440e-02 1.716666666666666619e-01
2.583333333333333315e-02 5.083333333333333037e-01 4.000000000000000222e-01 6.583333333333332704e-02
5.641666666666667052e-01 1.250000000000000000e-01 2.225000000000000033e-01 8.833333333333333315e-02
1.950000000000000067e-01 8.999999999999999667e-02 1.858333333333333226e-01 5.291666666666666741e-01
7.749999999999999944e-02 2.841666666666666785e-01 4.383333333333333526e-01 2.000000000000000111e-01
