7.225000000000000311e-01 1.866666666666666752e-01 4.499999999999999833e-02 4.583333333333333010e-02
1.158333333333333298e-01 3.383333333333333193e-01 2.958333333333333370e-01 2.500000000000000000e-01
2.508333333333333526e-01 1.066666666666666735e-01 7.333333333333333370e-02 5.691666666666667096e-01
2.233333333333333282e-01 5.916666666666666602e-02 4.583333333333333010e-02 6.716666666666666341e-01
2.633333333333333082e-01 1.033333333333333326e-01 3.375000000000000222e-01 2.958333333333333370e-01
2.358333333333333393e-01 2.200000000000000011e-01 2.366666666666666641e-01 3.074999999999999956e-01
5.024999999999999467e-01 1.633333333333333304e-01 2.341666666666666619e-01 1.000000000000000056e-01
2.916666666666666713e-02 4.249999999999999889e-01 2.449999999999999956e-01 3.008333333333333415e-01
2.283333333333333326e-01 7.333333333333333370e-02 3.533333333333333326e-01 3.449999999999999734e-01
9.249999999999999889e-02 5.041666666666666519e-01 2.449999999999999956e-01 1.583333333333333259e-01
5.183333333333333126e-01 2.633333333333333082e-01 1.199999999999999956e-01 9.833333333333332815e-02
3.666666666666666408e-01 1.516666666666666718e-01 3.833333333333333592e-01 9.833333333333332815e-02
6.724999999999999867e-01 2.474999999999999978e-01 6.666666666666666574e-02 1.333333333333333419e-02
3.333333333333333287e-02 3.333333333333333148e-01 4.558333333333333126e-01 1.774999999999999911e-01
3.333333333333333547e-03 7.916666666666666297e-02 6.366666666666667140e-01 2.808333333333333237e-01
1.650000000000000078e-01 1.058333333333333348e-01 4.583333333333333148e-01 2.708333333333333148e-01
8.250000000000000389e-02 6.199999999999999956e-01 1.316666666666666541e-01 1.658333333333333326e-01
1.866666666666666752e-01 5.308333333333333792e-01 3.416666666666666463e-02 2.483333333333333226e-01
