7.233333333333333837e-01 7.499999999999999722e-03 1.408333333333333381e-01 1.283333333333333270e-01
6.750000000000000444e-02 2.449999999999999956e-01 7.749999999999999944e-02 6.099999999999999867e-01
2.341666666666666619e-01 2.174999999999999989e-01 1.549999999999999989e-01 3.933333333333333126e-01
1.783333333333333437e-01 4.174999999999999822e-01 3.916666666666666907e-02 3.649999999999999911e-01
1.000000000000000021e-02 1.558333333333333237e-01 1.724999999999999867e-01 6.616666666666666252e-01
3.391666666666666718e-01 9.500000000000000111e-02 2.008333333333333359e-01 3.649999999999999911e-01
5.000000000000000278e-02 1.008333333333333304e-01 2.750000000000000222e-01 5.741666666666667140e-01
8.333333333333332871e-02 3.541666666666666852e-01 2.133333333333333470e-01 3.491666666666666807e-01
1.283333333333333270e-01 3.275000000000000133e-01 4.033333333333333215e-01 1.408333333333333381e-01
1.549999999999999989e-01 2.025000000000000133e-01 4.641666666666666718e-01 1.783333333333333437e-01
2.091666666666666674e-01 1.416666666666666630e-01 5.775000000000000133e-01 7.166666666666667018e-02
1.925000000000000044e-01 2.258333333333333304e-01 1.449999999999999900e-01 4.366666666666666474e-01
1.933333333333333293e-01 5.450000000000000400e-01 1.241666666666666613e-01 1.375000000000000111e-01
3.283333333333333104e-01 9.416666666666666241e-02 2.116666666666666696e-01 3.658333333333333437e-01
6.750000000000000444e-02 1.391666666666666607e-01 5.541666666666666963e-01 2.391666666666666663e-01
1.166666666666666685e-01 3.416666666666666463e-02 3.833333333333333592e-01 4.658333333333333215e-01
2.741666666666666696e-01 1.824999999999999956e-01 3.991666666666666696e-01 1.441666666666666652e-01
6.183333333333332904e-01 2.883333333333333304e-01 2.500000000000000139e-02 6.833333333333332926e-02
1.074999999999999983e-01 1.133333333333333276e-01 2.058333333333333404e-01 5.733333333333333615e-01
4.166666666666666852e-01 1.474999999999999922e-01 1.925000000000000044e-01 2.433333333333333459e-01
2.641666666666666607e-01 4.641666666666666718e-01 1.024999999999999939e-01 1.691666666666666596e-01
2.258333333333333304e-01 1.991666666666666585e-01 4.724999999999999756e-01 1.024999999999999939e-01
4.766666666666666829e-01 3.241666666666666585e-01 1.291666666666666796e-01 7.000000000000000666e-02
