7.058333333333333126e-01 1.375000000000000111e-01 7.166666666666667018e-02 8.500000000000000611e-02
2.016666666666666607e-01 1.158333333333333298e-01 5.324999999999999734e-01 1.499999999999999944e-01
6.166666666666666824e-02 4.916666666666666408e-02 7.499999999999999722e-02 8.141666666666667052e-01
2.124999999999999944e-01 2.099999999999999922e-01 3.574999999999999845e-01 2.200000000000000011e-01
1.891666666666666774e-01 4.091666666666666785e-01 2.300000000000000100e-01 1.716666666666666619e-01
7.600000000000000089e-01 7.083333333333333148e-02 6.916666666666666796e-02 1.000000000000000056e-01
7.341666666666666341e-01 8.250000000000000389e-02 8.250000000000000389e-02 1.008333333333333304e-01
5.583333333333333204e-02 7.641666666666666607e-01 8.500000000000000611e-02 9.500000000000000111e-02
1.316666666666666541e-01 6.416666666666666352e-02 7.133333333333333748e-01 9.083333333333333537e-02
1.700000000000000122e-01 1.391666666666666607e-01 5.174999999999999600e-01 1.733333333333333393e-01
9.083333333333333537e-02 6.300000000000000044e-01 1.508333333333333470e-01 1.283333333333333270e-01
2.266666666666666552e-01 3.708333333333333481e-01 2.008333333333333359e-01 2.016666666666666607e-01
6.991666666666667140e-01 7.666666666666666075e-02 1.216666666666666730e-01 1.024999999999999939e-01
2.491666666666666752e-01 2.225000000000000033e-01 3.433333333333333237e-01 1.849999999999999978e-01
1.683333333333333348e-01 1.216666666666666730e-01 5.600000000000000533e-01 1.499999999999999944e-01
1.708333333333333370e-01 3.850000000000000089e-01 2.241666666666666530e-01 2.200000000000000011e-01
1.650000000000000078e-01 1.508333333333333470e-01 1.700000000000000122e-01 5.141666666666666607e-01
5.274999999999999689e-01 1.583333333333333259e-01 1.499999999999999944e-01 1.641666666666666552e-01
1.549999999999999989e-01 5.749999999999999556e-01 1.216666666666666730e-01 1.483333333333333448e-01
1.024999999999999939e-01 7.383333333333332860e-01 7.499999999999999722e-02 8.416666666666666741e-02
5.633333333333333526e-01 1.199999999999999956e-01 1.408333333333333381e-01 1.758333333333333415e-01
5.241666666666666696e-01 1.824999999999999956e-01 1.608333333333333282e-01 1.325000000000000067e-01
