5.124999999999999556e-01 5.750000000000000250e-02 2.491666666666666752e-01 1.808333333333333459e-01
1.841666666666666730e-01 2.691666666666666652e-01 3.016666666666666941e-01 2.449999999999999956e-01
2.999999999999999889e-02 5.033333333333332993e-01 1.833333333333333204e-01 2.833333333333333259e-01
5.141666666666666607e-01 1.333333333333333315e-01 1.449999999999999900e-01 2.074999999999999900e-01
4.666666666666666741e-01 1.133333333333333276e-01 2.416666666666666685e-01 1.783333333333333437e-01
6.466666666666666119e-01 1.291666666666666796e-01 6.416666666666666352e-02 1.600000000000000033e-01
9.750000000000000333e-02 7.375000000000000444e-01 3.166666666666666935e-02 1.333333333333333315e-01
3.308333333333333126e-01 3.775000000000000022e-01 2.516666666666666496e-01 4.000000000000000083e-02
2.449999999999999956e-01 3.608333333333333393e-01 1.783333333333333437e-01 2.158333333333333215e-01
1.799999999999999933e-01 3.083333333333333412e-02 9.166666666666666019e-02 6.975000000000000089e-01
1.499999999999999944e-01 3.258333333333333082e-01 3.216666666666666563e-01 2.025000000000000133e-01
6.608333333333333837e-01 5.000000000000000278e-02 1.483333333333333448e-01 1.408333333333333381e-01
3.083333333333333481e-01 4.083333333333333259e-01 1.524999999999999967e-01 1.308333333333333293e-01
1.116666666666666641e-01 1.133333333333333276e-01 2.758333333333333193e-01 4.991666666666666474e-01
1.358333333333333337e-01 1.250000000000000069e-02 1.666666666666666574e-01 6.850000000000000533e-01
3.391666666666666718e-01 1.166666666666666685e-01 4.791666666666666852e-01 6.500000000000000222e-02
2.766666666666666718e-01 4.166666666666666435e-02 5.641666666666667052e-01 1.174999999999999933e-01
2.708333333333333148e-01 1.033333333333333326e-01 3.524999999999999800e-01 2.733333333333333171e-01
3.574999999999999845e-01 4.191666666666666874e-01 1.583333333333333259e-01 6.500000000000000222e-02
1.250000000000000000e-01 2.675000000000000155e-01 3.391666666666666718e-01 2.683333333333333126e-01
