6.691666666666666874e-01 2.183333333333333237e-01 5.916666666666666602e-02 5.333333333333333676e-02
1.824999999999999956e-01 3.216666666666666563e-01 8.333333333333332871e-02 4.124999999999999778e-01
1.925000000000000044e-01 1.533333333333333215e-01 1.491666666666666696e-01 5.050000000000000044e-01
2.858333333333333282e-01 2.641666666666666607e-01 2.708333333333333148e-01 1.791666666666666685e-01
2.533333333333333548e-01 3.449999999999999734e-01 6.916666666666666796e-02 3.325000000000000178e-01
4.108333333333333282e-01 2.291666666666666574e-01 2.333333333333333370e-01 1.266666666666666774e-01
6.033333333333333881e-01 9.583333333333333981e-02 2.824999999999999734e-01 1.833333333333333343e-02
3.641666666666666941e-01 4.066666666666666763e-01 1.566666666666666763e-01 7.249999999999999500e-02
1.833333333333333343e-02 1.499999999999999944e-01 7.249999999999999500e-02 7.591666666666666563e-01
2.874999999999999778e-01 2.949999999999999845e-01 1.925000000000000044e-01 2.250000000000000056e-01
2.750000000000000014e-02 1.566666666666666763e-01 9.333333333333333759e-02 7.225000000000000311e-01
1.741666666666666641e-01 2.833333333333333190e-02 6.891666666666667052e-01 1.083333333333333370e-01
6.916666666666666796e-02 4.149999999999999800e-01 3.074999999999999956e-01 2.083333333333333426e-01
2.216666666666666785e-01 2.249999999999999917e-02 6.616666666666666252e-01 9.416666666666666241e-02
1.691666666666666596e-01 3.599999999999999867e-01 9.500000000000000111e-02 3.758333333333333526e-01
3.183333333333333570e-01 2.408333333333333437e-01 2.358333333333333393e-01 2.049999999999999878e-01
5.274999999999999689e-01 9.416666666666666241e-02 2.575000000000000067e-01 1.208333333333333343e-01
8.000000000000000167e-02 2.750000000000000222e-01 3.908333333333333104e-01 2.541666666666666519e-01
2.366666666666666641e-01 1.100000000000000006e-01 1.758333333333333415e-01 4.774999999999999800e-01
3.225000000000000089e-01 9.416666666666666241e-02 2.383333333333333415e-01 3.449999999999999734e-01
1.600000000000000033e-01 2.241666666666666530e-01 3.341666666666666674e-01 2.816666666666666763e-01
