2.991666666666666918e-01 1.266666666666666774e-01 5.675000000000000044e-01 6.666666666666667095e-03
9.333333333333333759e-02 1.975000000000000089e-01 1.925000000000000044e-01 5.166666666666667185e-01
2.833333333333333259e-01 2.924999999999999822e-01 4.499999999999999833e-02 3.791666666666666519e-01
5.166666666666666630e-02 3.791666666666666519e-01 1.383333333333333359e-01 4.308333333333333459e-01
3.541666666666666852e-01 2.141666666666666718e-01 2.841666666666666785e-01 1.474999999999999922e-01
5.524999999999999911e-01 2.275000000000000078e-01 5.333333333333333676e-02 1.666666666666666574e-01
1.966666666666666563e-01 3.474999999999999756e-01 2.091666666666666674e-01 2.466666666666666730e-01
1.541666666666666741e-01 3.166666666666666935e-02 1.333333333333333315e-01 6.808333333333332904e-01
2.233333333333333282e-01 1.183333333333333320e-01 2.000000000000000042e-02 6.383333333333333082e-01
2.383333333333333415e-01 3.858333333333333059e-01 2.325000000000000122e-01 1.433333333333333404e-01
1.916666666666666519e-02 2.066666666666666652e-01 4.991666666666666474e-01 2.750000000000000222e-01
8.999999999999999667e-02 3.266666666666666607e-01 4.299999999999999933e-01 1.533333333333333215e-01
6.641666666666666829e-01 9.500000000000000111e-02 2.416666666666666616e-02 2.166666666666666741e-01
4.591666666666666674e-01 1.900000000000000022e-01 1.933333333333333293e-01 1.575000000000000011e-01
2.600000000000000089e-01 4.133333333333333304e-01 2.416666666666666616e-02 3.024999999999999911e-01
3.633333333333333415e-01 1.449999999999999900e-01 1.700000000000000122e-01 3.216666666666666563e-01
2.758333333333333193e-01 2.275000000000000078e-01 3.358333333333333171e-01 1.608333333333333282e-01
2.700000000000000178e-01 1.908333333333333270e-01 8.833333333333333315e-02 4.508333333333333082e-01
5.941666666666666208e-01 2.333333333333333370e-01 1.583333333333333467e-02 1.566666666666666763e-01
3.875000000000000111e-01 2.949999999999999845e-01 5.000000000000000104e-03 3.125000000000000000e-01
1.474999999999999922e-01 4.391666666666666496e-01 3.991666666666666696e-01 1.416666666666666595e-02
4.191666666666666874e-01 1.150000000000000050e-01 1.150000000000000050e-01 3.508333333333333304e-01
