1.358333333333333337e-01 6.958333333333333037e-01 1.333333333333333419e-02 1.549999999999999989e-01
1.024999999999999939e-01 1.891666666666666774e-01 2.166666666666666741e-01 4.916666666666666408e-01
4.141666666666666829e-01 1.750000000000000167e-02 1.966666666666666563e-01 3.716666666666666452e-01
2.775000000000000244e-01 3.791666666666666519e-01 1.625000000000000056e-01 1.808333333333333459e-01
4.699999999999999734e-01 6.250000000000000000e-02 3.558333333333333348e-01 1.116666666666666641e-01
2.991666666666666918e-01 1.449999999999999900e-01 1.558333333333333237e-01 4.000000000000000222e-01
6.916666666666666796e-02 3.624999999999999889e-01 4.333333333333333481e-02 5.250000000000000222e-01
3.425000000000000266e-01 1.891666666666666774e-01 8.416666666666666741e-02 3.841666666666666563e-01
3.116666666666666474e-01 4.166666666666666435e-02 2.666666666666666630e-01 3.800000000000000044e-01
1.491666666666666696e-01 5.350000000000000311e-01 1.724999999999999867e-01 1.433333333333333404e-01
8.083333333333332649e-02 6.233333333333332948e-01 1.441666666666666652e-01 1.516666666666666718e-01
4.699999999999999734e-01 4.475000000000000089e-01 7.083333333333333148e-02 1.166666666666666720e-02
1.883333333333333248e-01 1.366666666666666585e-01 2.025000000000000133e-01 4.724999999999999756e-01
6.083333333333333648e-02 1.325000000000000067e-01 3.683333333333333459e-01 4.383333333333333526e-01
2.941666666666666874e-01 2.349999999999999867e-01 4.608333333333333171e-01 1.000000000000000021e-02
7.916666666666666297e-02 1.966666666666666563e-01 5.374999999999999778e-01 1.866666666666666752e-01
3.724999999999999978e-01 3.166666666666666519e-01 2.800000000000000266e-01 3.083333333333333412e-02
2.074999999999999900e-01 3.049999999999999933e-01 3.750000000000000000e-01 1.125000000000000028e-01
1.916666666666666796e-01 3.183333333333333570e-01 2.600000000000000089e-01 2.300000000000000100e-01
1.616666666666666530e-01 9.249999999999999889e-02 7.125000000000000222e-01 3.333333333333333287e-02
2.258333333333333304e-01 1.008333333333333304e-01 1.683333333333333348e-01 5.050000000000000044e-01
3.200000000000000067e-01 3.483333333333333282e-01 1.250000000000000069e-02 3.191666666666666541e-01
