1.858333333333333226e-01 1.616666666666666530e-01 7.666666666666666075e-02 5.758333333333333082e-01
8.749999999999999445e-02 1.150000000000000050e-01 2.449999999999999956e-01 5.524999999999999911e-01
2.575000000000000067e-01 3.791666666666666519e-01 2.041666666666666630e-01 1.591666666666666785e-01
1.508333333333333470e-01 6.166666666666666963e-01 5.833333333333333426e-02 1.741666666666666641e-01
8.083333333333332649e-02 4.791666666666666852e-01 1.224999999999999978e-01 3.175000000000000044e-01
3.074999999999999956e-01 9.249999999999999889e-02 1.516666666666666718e-01 4.483333333333333059e-01
7.749999999999999944e-02 1.400000000000000133e-01 3.016666666666666941e-01 4.808333333333333348e-01
2.983333333333333393e-01 5.633333333333333526e-01 5.249999999999999806e-02 8.583333333333333093e-02
2.416666666666666616e-02 3.408333333333333215e-01 3.541666666666666852e-01 2.808333333333333237e-01
1.499999999999999944e-02 8.333333333333332871e-02 7.708333333333333703e-01 1.308333333333333293e-01
8.416666666666666741e-02 5.758333333333333082e-01 4.000000000000000083e-02 2.999999999999999889e-01
3.975000000000000200e-01 4.833333333333333232e-02 2.841666666666666785e-01 2.700000000000000178e-01
2.091666666666666674e-01 2.208333333333333259e-01 3.350000000000000200e-01 2.349999999999999867e-01
1.449999999999999900e-01 4.941666666666666430e-01 1.233333333333333365e-01 2.374999999999999889e-01
2.716666666666666674e-01 1.158333333333333298e-01 1.416666666666666630e-01 4.708333333333333259e-01
4.224999999999999867e-01 3.925000000000000155e-01 1.341666666666666563e-01 5.083333333333333454e-02
1.166666666666666720e-02 1.133333333333333276e-01 7.149999999999999689e-01 1.600000000000000033e-01
