1.483333333333333448e-01 6.833333333333333481e-01 7.749999999999999944e-02 9.083333333333333537e-02
2.200000000000000011e-01 9.750000000000000333e-02 2.650000000000000133e-01 4.174999999999999822e-01
1.625000000000000056e-01 5.866666666666666696e-01 2.183333333333333237e-01 3.250000000000000111e-02
4.425000000000000044e-01 3.791666666666666519e-01 8.833333333333333315e-02 8.999999999999999667e-02
1.033333333333333326e-01 2.858333333333333282e-01 4.833333333333333370e-01 1.275000000000000022e-01
4.600000000000000200e-01 1.891666666666666774e-01 1.091666666666666619e-01 2.416666666666666685e-01
2.424999999999999933e-01 1.016666666666666691e-01 4.924999999999999933e-01 1.633333333333333304e-01
3.425000000000000266e-01 8.583333333333333093e-02 1.125000000000000028e-01 4.591666666666666674e-01
1.008333333333333304e-01 1.458333333333333426e-01 2.633333333333333082e-01 4.899999999999999911e-01
2.158333333333333215e-01 1.000000000000000056e-01 8.749999999999999445e-02 5.966666666666666785e-01
1.583333333333333467e-02 5.500000000000000028e-02 3.833333333333333592e-01 5.458333333333332815e-01
1.316666666666666541e-01 6.574999999999999734e-01 1.266666666666666774e-01 8.416666666666666741e-02
5.066666666666667096e-01 2.566666666666666541e-01 1.916666666666666519e-02 2.174999999999999989e-01
1.108333333333333393e-01 4.299999999999999933e-01 1.691666666666666596e-01 2.899999999999999800e-01
1.474999999999999922e-01 2.233333333333333282e-01 3.300000000000000155e-01 2.991666666666666918e-01
5.416666666666666852e-02 6.216666666666667007e-01 8.083333333333332649e-02 2.433333333333333459e-01
2.374999999999999889e-01 3.708333333333333481e-01 2.783333333333333215e-01 1.133333333333333276e-01
2.166666666666666741e-01 4.016666666666666718e-01 8.500000000000000611e-02 2.966666666666666896e-01
2.149999999999999967e-01 1.125000000000000028e-01 1.583333333333333467e-02 6.566666666666666208e-01
1.291666666666666796e-01 5.933333333333333792e-01 6.583333333333332704e-02 2.116666666666666696e-01
1.275000000000000022e-01 2.208333333333333259e-01 2.083333333333333426e-01 4.433333333333333570e-01
2.791666666666666741e-01 3.850000000000000089e-01 2.049999999999999878e-01 1.308333333333333293e-01
