4.183333333333333348e-01 1.583333333333333467e-02 4.566666666666666652e-01 1.091666666666666619e-01
8.999999999999999667e-02 5.208333333333333703e-01 3.291666666666666630e-01 5.999999999999999778e-02
1.233333333333333365e-01 3.624999999999999889e-01 1.416666666666666595e-02 5.000000000000000000e-01
1.174999999999999933e-01 1.199999999999999956e-01 5.216666666666666119e-01 2.408333333333333437e-01
4.508333333333333082e-01 6.500000000000000222e-02 8.833333333333333315e-02 3.958333333333333148e-01
8.583333333333333093e-02 4.166666666666666852e-01 1.183333333333333320e-01 3.791666666666666519e-01
3.200000000000000067e-01 1.524999999999999967e-01 9.666666666666666463e-02 4.308333333333333459e-01
2.833333333333333190e-02 1.333333333333333419e-02 7.175000000000000266e-01 2.408333333333333437e-01
5.500000000000000028e-02 1.358333333333333337e-01 5.166666666666667185e-01 2.924999999999999822e-01
1.016666666666666691e-01 1.841666666666666730e-01 2.733333333333333171e-01 4.408333333333333548e-01
2.966666666666666896e-01 3.691666666666666430e-01 7.416666666666667240e-02 2.600000000000000089e-01
1.691666666666666596e-01 6.258333333333333526e-01 1.049999999999999961e-01 1.000000000000000056e-01
1.441666666666666652e-01 2.033333333333333381e-01 2.408333333333333437e-01 4.116666666666666807e-01
1.583333333333333259e-01 4.375000000000000000e-01 1.024999999999999939e-01 3.016666666666666941e-01
9.166666666666666713e-03 5.158333333333333659e-01 1.166666666666666685e-01 3.583333333333333370e-01
2.500000000000000000e-01 1.583333333333333259e-01 9.916666666666666685e-02 4.924999999999999933e-01
2.958333333333333370e-01 4.149999999999999800e-01 2.283333333333333326e-01 6.083333333333333648e-02
4.941666666666666430e-01 1.091666666666666619e-01 3.858333333333333059e-01 1.083333333333333370e-02
3.816666666666666541e-01 1.358333333333333337e-01 2.508333333333333526e-01 2.316666666666666596e-01
