1.783333333333333437e-01 5.083333333333333037e-01 2.449999999999999956e-01 6.833333333333332926e-02
5.625000000000000000e-01 1.283333333333333270e-01 3.416666666666666463e-02 2.750000000000000222e-01
1.983333333333333337e-01 1.925000000000000044e-01 3.291666666666666630e-01 2.800000000000000266e-01
4.666666666666666879e-02 8.149999999999999467e-01 1.016666666666666691e-01 3.666666666666666685e-02
3.666666666666666685e-02 5.558333333333332904e-01 2.083333333333333426e-01 1.991666666666666585e-01
1.474999999999999922e-01 1.208333333333333343e-01 1.549999999999999989e-01 5.766666666666666607e-01
2.999999999999999889e-01 1.216666666666666730e-01 3.141666666666666496e-01 2.641666666666666607e-01
2.116666666666666696e-01 1.533333333333333215e-01 2.966666666666666896e-01 3.383333333333333193e-01
6.916666666666666796e-02 5.916666666666666602e-02 5.916666666666666741e-01 2.800000000000000266e-01
2.441666666666666707e-01 6.333333333333333870e-02 1.074999999999999983e-01 5.849999999999999645e-01
2.291666666666666574e-01 4.916666666666666408e-02 4.575000000000000178e-01 2.641666666666666607e-01
2.791666666666666741e-01 3.233333333333333059e-01 1.041666666666666713e-01 2.933333333333333348e-01
2.675000000000000155e-01 3.991666666666666696e-01 1.208333333333333343e-01 2.124999999999999944e-01
2.000000000000000111e-01 6.666666666666667095e-03 6.516666666666666163e-01 1.416666666666666630e-01
3.225000000000000089e-01 4.199999999999999845e-01 1.466666666666666674e-01 1.108333333333333393e-01
2.000000000000000111e-01 4.591666666666666674e-01 7.666666666666666075e-02 2.641666666666666607e-01
1.708333333333333370e-01 3.766666666666666496e-01 3.975000000000000200e-01 5.500000000000000028e-02
2.250000000000000056e-01 4.274999999999999911e-01 3.008333333333333415e-01 4.666666666666666879e-02
3.524999999999999800e-01 2.916666666666666713e-02 3.908333333333333104e-01 2.275000000000000078e-01
1.791666666666666685e-01 1.408333333333333381e-01 3.400000000000000244e-01 3.400000000000000244e-01
4.450000000000000067e-01 2.891666666666666829e-01 2.083333333333333426e-01 5.750000000000000250e-02
2.733333333333333171e-01 4.600000000000000200e-01 1.666666666666666644e-02 2.500000000000000000e-01
