5.758333333333333082e-01 3.049999999999999933e-01 4.083333333333333259e-02 7.833333333333333814e-02
4.791666666666666852e-01 2.283333333333333326e-01 1.008333333333333304e-01 1.916666666666666796e-01
2.374999999999999889e-01 3.991666666666666696e-01 3.033333333333333437e-01 5.999999999999999778e-02
5.500000000000000028e-02 1.591666666666666785e-01 5.483333333333333393e-01 2.374999999999999889e-01
3.266666666666666607e-01 6.833333333333332926e-02 3.558333333333333348e-01 2.491666666666666752e-01
1.608333333333333282e-01 2.183333333333333237e-01 3.666666666666666408e-01 2.541666666666666519e-01
2.683333333333333126e-01 5.533333333333333437e-01 1.216666666666666730e-01 5.666666666666666380e-02
3.750000000000000000e-01 1.908333333333333270e-01 1.625000000000000056e-01 2.716666666666666674e-01
2.225000000000000033e-01 1.908333333333333270e-01 1.933333333333333293e-01 3.933333333333333126e-01
4.824999999999999845e-01 2.500000000000000139e-02 3.841666666666666563e-01 1.083333333333333370e-01
3.258333333333333082e-01 3.508333333333333304e-01 2.241666666666666530e-01 9.916666666666666685e-02
1.858333333333333226e-01 2.750000000000000014e-02 3.699999999999999956e-01 4.166666666666666852e-01
5.916666666666666602e-02 5.166666666666667185e-01 2.408333333333333437e-01 1.833333333333333204e-01
1.875000000000000000e-01 4.916666666666666408e-02 7.225000000000000311e-01 4.083333333333333259e-02
2.650000000000000133e-01 5.116666666666667140e-01 1.950000000000000067e-01 2.833333333333333190e-02
9.583333333333333981e-02 4.008333333333333193e-01 4.224999999999999867e-01 8.083333333333332649e-02
8.149999999999999467e-01 1.916666666666666519e-02 5.416666666666666852e-02 1.116666666666666641e-01
