5.083333333333333454e-02 6.658333333333333881e-01 1.749999999999999889e-01 1.083333333333333370e-01
2.891666666666666829e-01 2.099999999999999922e-01 2.883333333333333304e-01 2.124999999999999944e-01
5.491666666666666918e-01 3.591666666666666896e-01 9.166666666666666713e-03 8.250000000000000389e-02
3.775000000000000022e-01 9.333333333333333759e-02 2.899999999999999800e-01 2.391666666666666663e-01
4.000000000000000222e-01 2.833333333333333190e-02 8.916666666666667185e-02 4.824999999999999845e-01
1.691666666666666596e-01 5.241666666666666696e-01 1.041666666666666713e-01 2.025000000000000133e-01
2.341666666666666619e-01 3.599999999999999867e-01 1.749999999999999889e-01 2.308333333333333348e-01
3.858333333333333059e-01 2.508333333333333526e-01 3.133333333333333526e-01 5.000000000000000278e-02
8.333333333333332871e-02 4.575000000000000178e-01 2.541666666666666519e-01 2.049999999999999878e-01
1.258333333333333248e-01 5.833333333333333426e-02 5.250000000000000222e-01 2.908333333333333326e-01
5.574999999999999956e-01 4.250000000000000305e-02 1.441666666666666652e-01 2.558333333333333570e-01
3.749999999999999861e-02 4.483333333333333059e-01 5.000000000000000278e-02 4.641666666666666718e-01
5.791666666666667185e-01 1.074999999999999983e-01 1.916666666666666519e-02 2.941666666666666874e-01
6.366666666666667140e-01 2.249999999999999917e-02 1.391666666666666607e-01 2.016666666666666607e-01
3.966666666666666674e-01 1.916666666666666519e-02 4.041666666666666741e-01 1.799999999999999933e-01
2.858333333333333282e-01 8.999999999999999667e-02 4.791666666666666852e-01 1.449999999999999900e-01
1.816666666666666707e-01 2.600000000000000089e-01 2.866666666666666807e-01 2.716666666666666674e-01
4.450000000000000067e-01 2.641666666666666607e-01 1.558333333333333237e-01 1.350000000000000089e-01
1.241666666666666613e-01 5.058333333333333570e-01 7.166666666666667018e-02 2.983333333333333393e-01
