5.291666666666666741e-01 3.524999999999999800e-01 7.249999999999999500e-02 4.583333333333333010e-02
6.083333333333333648e-02 2.016666666666666607e-01 3.325000000000000178e-01 4.050000000000000266e-01
2.166666666666666741e-02 6.158333333333333437e-01 1.233333333333333365e-01 2.391666666666666663e-01
1.008333333333333304e-01 3.283333333333333104e-01 2.441666666666666707e-01 3.266666666666666607e-01
1.166666666666666685e-01 3.116666666666666474e-01 2.500000000000000139e-02 5.466666666666666341e-01
3.775000000000000022e-01 1.750000000000000167e-02 7.083333333333333148e-02 5.341666666666666785e-01
2.500000000000000139e-02 5.083333333333333454e-02 9.008333333333333748e-01 2.333333333333333440e-02
3.775000000000000022e-01 1.716666666666666619e-01 7.499999999999999722e-02 3.758333333333333526e-01
3.716666666666666452e-01 3.083333333333333481e-01 1.633333333333333304e-01 1.566666666666666763e-01
4.666666666666666741e-01 2.583333333333333592e-01 1.441666666666666652e-01 1.308333333333333293e-01
1.433333333333333404e-01 1.691666666666666596e-01 2.725000000000000200e-01 4.149999999999999800e-01
3.308333333333333126e-01 2.349999999999999867e-01 2.316666666666666596e-01 2.025000000000000133e-01
2.091666666666666674e-01 4.916666666666666408e-02 5.749999999999999556e-01 1.666666666666666574e-01
5.249999999999999806e-02 2.849999999999999756e-01 1.333333333333333315e-01 5.291666666666666741e-01
2.308333333333333348e-01 2.908333333333333326e-01 2.874999999999999778e-01 1.908333333333333270e-01
1.266666666666666774e-01 5.416666666666666852e-02 6.208333333333333481e-01 1.983333333333333337e-01
6.199999999999999956e-01 2.041666666666666630e-01 4.833333333333333232e-02 1.275000000000000022e-01
2.708333333333333148e-01 3.141666666666666496e-01 2.300000000000000100e-01 1.849999999999999978e-01
1.558333333333333237e-01 3.275000000000000133e-01 2.183333333333333237e-01 2.983333333333333393e-01
