7.574999999999999512e-01 5.249999999999999806e-02 4.250000000000000305e-02 1.474999999999999922e-01
1.774999999999999911e-01 5.366666666666666252e-01 1.333333333333333315e-01 1.524999999999999967e-01
6.750000000000000444e-02 4.041666666666666741e-01 1.491666666666666696e-01 3.791666666666666519e-01
4.250000000000000305e-02 1.791666666666666685e-01 6.674999999999999822e-01 1.108333333333333393e-01
4.949999999999999956e-01 2.341666666666666619e-01 2.124999999999999944e-01 5.833333333333333426e-02
2.008333333333333359e-01 1.891666666666666774e-01 1.616666666666666530e-01 4.483333333333333059e-01
1.241666666666666613e-01 8.083333333333332649e-02 6.416666666666667185e-01 1.533333333333333215e-01
2.333333333333333440e-02 6.816666666666666430e-01 2.249999999999999917e-02 2.725000000000000200e-01
1.499999999999999944e-01 8.749999999999999445e-02 4.625000000000000222e-01 2.999999999999999889e-01
4.091666666666666785e-01 2.191666666666666763e-01 1.950000000000000067e-01 1.766666666666666663e-01
4.074999999999999734e-01 1.683333333333333348e-01 2.166666666666666741e-01 2.074999999999999900e-01
4.050000000000000266e-01 8.166666666666666519e-02 2.874999999999999778e-01 2.258333333333333304e-01
4.633333333333333193e-01 3.333333333333333287e-02 1.616666666666666530e-01 3.416666666666666741e-01
4.583333333333333010e-02 2.449999999999999956e-01 2.099999999999999922e-01 4.991666666666666474e-01
1.708333333333333370e-01 9.833333333333332815e-02 2.550000000000000044e-01 4.758333333333333304e-01
2.133333333333333470e-01 7.000000000000000666e-02 4.824999999999999845e-01 2.341666666666666619e-01
1.258333333333333248e-01 4.108333333333333282e-01 5.916666666666666602e-02 4.041666666666666741e-01
4.033333333333333215e-01 1.266666666666666774e-01 3.483333333333333282e-01 1.216666666666666730e-01
