3.008333333333333415e-01 4.400000000000000022e-01 3.583333333333333509e-02 2.233333333333333282e-01
2.266666666666666552e-01 2.866666666666666807e-01 3.350000000000000200e-01 1.516666666666666718e-01
1.791666666666666685e-01 2.424999999999999933e-01 2.449999999999999956e-01 3.333333333333333148e-01
4.441666666666666541e-01 1.866666666666666752e-01 5.999999999999999778e-02 3.091666666666666452e-01
2.083333333333333426e-01 3.549999999999999822e-01 3.266666666666666607e-01 1.100000000000000006e-01
2.666666666666666838e-02 2.733333333333333171e-01 3.916666666666666907e-02 6.608333333333333837e-01
4.000000000000000222e-01 3.291666666666666630e-01 1.208333333333333343e-01 1.499999999999999944e-01
4.366666666666666474e-01 2.575000000000000067e-01 2.000000000000000111e-01 1.058333333333333348e-01
1.391666666666666607e-01 2.908333333333333326e-01 1.791666666666666685e-01 3.908333333333333104e-01
9.166666666666666019e-02 1.816666666666666707e-01 1.166666666666666685e-01 6.099999999999999867e-01
2.658333333333333104e-01 1.158333333333333298e-01 3.758333333333333526e-01 2.424999999999999933e-01
7.483333333333332948e-01 4.583333333333333010e-02 9.166666666666666019e-02 1.141666666666666663e-01
1.691666666666666596e-01 6.533333333333333215e-01 3.416666666666666463e-02 1.433333333333333404e-01
1.333333333333333315e-01 2.166666666666666741e-02 7.791666666666666741e-01 6.583333333333332704e-02
3.033333333333333437e-01 3.066666666666666430e-01 7.000000000000000666e-02 3.200000000000000067e-01
2.824999999999999734e-01 1.941666666666666541e-01 1.891666666666666774e-01 3.341666666666666674e-01
2.275000000000000078e-01 2.849999999999999756e-01 3.283333333333333104e-01 1.591666666666666785e-01
2.675000000000000155e-01 2.500000000000000139e-02 6.308333333333333570e-01 7.666666666666666075e-02
1.424999999999999878e-01 1.683333333333333348e-01 6.383333333333333082e-01 5.083333333333333454e-02
