4.891666666666666941e-01 2.333333333333333440e-02 1.458333333333333426e-01 3.416666666666666741e-01
2.349999999999999867e-01 1.683333333333333348e-01 4.149999999999999800e-01 1.816666666666666707e-01
2.399999999999999911e-01 3.916666666666666907e-02 4.591666666666666674e-01 2.616666666666666585e-01
3.750000000000000000e-01 1.133333333333333276e-01 7.333333333333333370e-02 4.383333333333333526e-01
4.158333333333333326e-01 5.583333333333333204e-02 1.383333333333333359e-01 3.900000000000000133e-01
2.999999999999999889e-02 2.866666666666666807e-01 1.700000000000000122e-01 5.133333333333333082e-01
6.750000000000000444e-02 4.783333333333333326e-01 3.908333333333333104e-01 6.333333333333333870e-02
2.949999999999999845e-01 2.483333333333333226e-01 9.666666666666666463e-02 3.599999999999999867e-01
1.150000000000000050e-01 2.791666666666666741e-01 6.583333333333332704e-02 5.400000000000000355e-01
6.058333333333333348e-01 7.583333333333333592e-02 2.683333333333333126e-01 5.000000000000000278e-02
6.583333333333332704e-02 1.233333333333333365e-01 6.250000000000000000e-01 1.858333333333333226e-01
4.250000000000000305e-02 3.408333333333333215e-01 3.266666666666666607e-01 2.899999999999999800e-01
2.250000000000000056e-01 2.083333333333333218e-02 5.166666666666667185e-01 2.374999999999999889e-01
5.083333333333333454e-02 5.141666666666666607e-01 2.916666666666666852e-01 1.433333333333333404e-01
5.708333333333333037e-01 3.500000000000000333e-02 2.983333333333333393e-01 9.583333333333333981e-02
8.250000000000000389e-02 6.149999999999999911e-01 1.891666666666666774e-01 1.133333333333333276e-01
7.333333333333333370e-02 4.108333333333333282e-01 3.233333333333333059e-01 1.925000000000000044e-01
1.616666666666666530e-01 2.600000000000000089e-01 3.158333333333333548e-01 2.625000000000000111e-01
3.416666666666666463e-02 3.674999999999999933e-01 2.891666666666666829e-01 3.091666666666666452e-01
4.616666666666666696e-01 3.225000000000000089e-01 1.549999999999999989e-01 6.083333333333333648e-02
1.133333333333333276e-01 2.866666666666666807e-01 4.074999999999999734e-01 1.925000000000000044e-01
