6.774999999999999911e-01 1.091666666666666619e-01 1.474999999999999922e-01 6.583333333333332704e-02
3.391666666666666718e-01 1.816666666666666707e-01 2.733333333333333171e-01 2.058333333333333404e-01
1.391666666666666607e-01 1.400000000000000133e-01 4.575000000000000178e-01 2.633333333333333082e-01
2.216666666666666785e-01 1.991666666666666585e-01 3.425000000000000266e-01 2.366666666666666641e-01
1.325000000000000067e-01 1.733333333333333393e-01 8.333333333333333218e-03 6.858333333333332948e-01
9.500000000000000111e-02 2.124999999999999944e-01 4.991666666666666474e-01 1.933333333333333293e-01
3.041666666666666408e-01 1.591666666666666785e-01 3.499999999999999778e-01 1.866666666666666752e-01
2.266666666666666552e-01 2.750000000000000222e-01 2.933333333333333348e-01 2.049999999999999878e-01
6.866666666666666474e-01 1.199999999999999956e-01 1.608333333333333282e-01 3.250000000000000111e-02
5.066666666666667096e-01 3.325000000000000178e-01 9.500000000000000111e-02 6.583333333333332704e-02
3.016666666666666941e-01 1.325000000000000067e-01 4.166666666666666435e-02 5.241666666666666696e-01
4.141666666666666829e-01 2.583333333333333315e-02 2.058333333333333404e-01 3.541666666666666852e-01
7.383333333333332860e-01 7.166666666666667018e-02 1.033333333333333326e-01 8.666666666666666963e-02
1.049999999999999961e-01 6.266666666666667052e-01 1.133333333333333276e-01 1.549999999999999989e-01
3.833333333333333037e-02 3.416666666666666463e-02 1.916666666666666796e-01 7.358333333333333393e-01
2.716666666666666674e-01 3.516666666666666829e-01 2.883333333333333304e-01 8.833333333333333315e-02
2.916666666666666713e-02 2.600000000000000089e-01 3.666666666666666408e-01 3.441666666666666763e-01
