5.666666666666666380e-02 3.141666666666666496e-01 1.191666666666666707e-01 5.100000000000000089e-01
2.541666666666666519e-01 4.958333333333333481e-01 1.583333333333333259e-01 9.166666666666666019e-02
4.391666666666666496e-01 2.916666666666666713e-02 5.083333333333333454e-02 4.808333333333333348e-01
3.225000000000000089e-01 1.483333333333333448e-01 4.266666666666666941e-01 1.024999999999999939e-01
1.416666666666666595e-02 3.483333333333333282e-01 2.516666666666666496e-01 3.858333333333333059e-01
3.591666666666666896e-01 1.441666666666666652e-01 4.566666666666666652e-01 4.000000000000000083e-02
2.916666666666666713e-02 3.433333333333333237e-01 2.416666666666666616e-02 6.033333333333333881e-01
6.541666666666666741e-01 6.666666666666666574e-02 2.008333333333333359e-01 7.833333333333333814e-02
3.125000000000000000e-01 2.541666666666666519e-01 1.208333333333333343e-01 3.125000000000000000e-01
1.658333333333333326e-01 1.666666666666666574e-01 5.566666666666666430e-01 1.108333333333333393e-01
3.074999999999999956e-01 1.625000000000000056e-01 9.583333333333333981e-02 4.341666666666666452e-01
1.316666666666666541e-01 3.983333333333333171e-01 3.108333333333333504e-01 1.591666666666666785e-01
3.341666666666666674e-01 5.991666666666666252e-01 3.666666666666666685e-02 2.999999999999999889e-02
1.300000000000000044e-01 4.891666666666666941e-01 3.333333333333333148e-01 4.750000000000000056e-02
4.191666666666666874e-01 5.333333333333333676e-02 3.825000000000000067e-01 1.449999999999999900e-01
2.058333333333333404e-01 3.916666666666666630e-01 1.333333333333333315e-01 2.691666666666666652e-01
2.300000000000000100e-01 8.083333333333332649e-02 3.300000000000000155e-01 3.591666666666666896e-01
1.966666666666666563e-01 3.833333333333333037e-02 6.149999999999999911e-01 1.499999999999999944e-01
1.350000000000000089e-01 3.225000000000000089e-01 2.933333333333333348e-01 2.491666666666666752e-01
3.516666666666666829e-01 1.116666666666666641e-01 1.891666666666666774e-01 3.474999999999999756e-01
1.325000000000000067e-01 2.691666666666666652e-01 3.125000000000000000e-01 2.858333333333333282e-01
1.816666666666666707e-01 2.316666666666666596e-01 5.374999999999999778e-01 4.916666666666666408e-02
1.283333333333333270e-01 5.699999999999999512e-01 1.033333333333333326e-01 1.983333333333333337e-01
