6.858333333333332948e-01 7.249999999999999500e-02 2.241666666666666530e-01 1.750000000000000167e-02
1.808333333333333459e-01 2.141666666666666718e-01 3.541666666666666852e-01 2.508333333333333526e-01
1.074999999999999983e-01 4.724999999999999756e-01 1.341666666666666563e-01 2.858333333333333282e-01
2.308333333333333348e-01 4.799999999999999822e-01 1.141666666666666663e-01 1.749999999999999889e-01
1.941666666666666541e-01 3.658333333333333437e-01 3.416666666666666741e-01 9.833333333333332815e-02
9.500000000000000111e-02 1.824999999999999956e-01 2.016666666666666607e-01 5.208333333333333703e-01
1.308333333333333293e-01 1.791666666666666685e-01 4.699999999999999734e-01 2.200000000000000011e-01
7.583333333333333592e-02 2.000000000000000042e-02 1.741666666666666641e-01 7.299999999999999822e-01
3.300000000000000155e-01 1.408333333333333381e-01 3.333333333333333148e-01 1.958333333333333315e-01
3.541666666666666852e-01 2.708333333333333148e-01 5.833333333333333426e-02 3.166666666666666519e-01
6.500000000000000222e-02 4.149999999999999800e-01 2.416666666666666685e-01 2.783333333333333215e-01
2.775000000000000244e-01 4.016666666666666718e-01 4.916666666666666408e-02 2.716666666666666674e-01
9.583333333333333981e-02 4.699999999999999734e-01 4.066666666666666763e-01 2.750000000000000014e-02
9.416666666666666241e-02 4.241666666666666918e-01 3.433333333333333237e-01 1.383333333333333359e-01
1.041666666666666713e-01 1.383333333333333359e-01 2.625000000000000111e-01 4.949999999999999956e-01
2.275000000000000078e-01 2.541666666666666519e-01 1.275000000000000022e-01 3.908333333333333104e-01
1.908333333333333270e-01 5.266666666666666163e-01 1.549999999999999989e-01 1.275000000000000022e-01
2.449999999999999956e-01 6.083333333333333648e-02 5.241666666666666696e-01 1.700000000000000122e-01
1.549999999999999989e-01 1.666666666666666574e-01 4.799999999999999822e-01 1.983333333333333337e-01
8.133333333333333526e-01 8.166666666666666519e-02 3.166666666666666935e-02 7.333333333333333370e-02
1.133333333333333276e-01 2.541666666666666519e-01 1.558333333333333237e-01 4.766666666666666829e-01
6.591666666666666785e-01 2.041666666666666630e-01 1.166666666666666685e-01 2.000000000000000042e-02
2.099999999999999922e-01 2.325000000000000122e-01 4.016666666666666718e-01 1.558333333333333237e-01
