2.583333333333333315e-02 4.208333333333333370e-01 4.475000000000000089e-01 1.058333333333333348e-01
4.400000000000000022e-01 1.916666666666666796e-01 2.250000000000000056e-01 1.433333333333333404e-01
2.141666666666666718e-01 5.300000000000000266e-01 9.416666666666666241e-02 1.616666666666666530e-01
5.541666666666666963e-01 2.408333333333333437e-01 7.749999999999999944e-02 1.275000000000000022e-01
2.483333333333333226e-01 2.516666666666666496e-01 2.358333333333333393e-01 2.641666666666666607e-01
1.375000000000000111e-01 1.925000000000000044e-01 3.716666666666666452e-01 2.983333333333333393e-01
3.416666666666666463e-02 4.166666666666666852e-01 1.041666666666666713e-01 4.450000000000000067e-01
4.941666666666666430e-01 7.833333333333333814e-02 3.083333333333333481e-01 1.191666666666666707e-01
1.666666666666666644e-02 5.291666666666666741e-01 1.174999999999999933e-01 3.366666666666666696e-01
4.333333333333333481e-02 7.249999999999999500e-02 2.291666666666666574e-01 6.550000000000000266e-01
6.099999999999999867e-01 1.275000000000000022e-01 5.166666666666666630e-02 2.108333333333333448e-01
1.275000000000000022e-01 2.108333333333333448e-01 5.699999999999999512e-01 9.166666666666666019e-02
6.250000000000000000e-01 1.424999999999999878e-01 4.666666666666666879e-02 1.858333333333333226e-01
3.983333333333333171e-01 8.749999999999999445e-02 2.183333333333333237e-01 2.958333333333333370e-01
5.008333333333333526e-01 1.766666666666666663e-01 2.775000000000000244e-01 4.499999999999999833e-02
2.725000000000000200e-01 3.049999999999999933e-01 2.049999999999999878e-01 2.174999999999999989e-01
5.083333333333333037e-01 2.200000000000000011e-01 2.133333333333333470e-01 5.833333333333333426e-02
1.616666666666666530e-01 1.591666666666666785e-01 3.750000000000000000e-01 3.041666666666666408e-01
5.500000000000000028e-02 4.583333333333333010e-02 2.849999999999999756e-01 6.141666666666666385e-01
1.083333333333333370e-01 1.650000000000000078e-01 1.216666666666666730e-01 6.049999999999999822e-01
4.108333333333333282e-01 4.383333333333333526e-01 8.916666666666667185e-02 6.166666666666666824e-02
