4.974999999999999978e-01 5.166666666666666630e-02 2.899999999999999800e-01 1.608333333333333282e-01
1.524999999999999967e-01 1.224999999999999978e-01 1.575000000000000011e-01 5.675000000000000044e-01
4.966666666666666452e-01 2.700000000000000178e-01 1.091666666666666619e-01 1.241666666666666613e-01
2.650000000000000133e-01 5.683333333333333570e-01 2.583333333333333315e-02 1.408333333333333381e-01
1.158333333333333298e-01 4.500000000000000111e-01 3.191666666666666541e-01 1.150000000000000050e-01
2.983333333333333393e-01 2.991666666666666918e-01 2.833333333333333259e-01 1.191666666666666707e-01
1.508333333333333470e-01 1.091666666666666619e-01 2.833333333333333259e-01 4.566666666666666652e-01
7.133333333333333748e-01 3.333333333333333287e-02 6.666666666666666574e-02 1.866666666666666752e-01
7.000000000000000666e-02 4.866666666666666918e-01 1.058333333333333348e-01 3.375000000000000222e-01
5.450000000000000400e-01 1.266666666666666774e-01 1.291666666666666796e-01 1.991666666666666585e-01
4.516666666666666607e-01 2.416666666666666685e-01 1.791666666666666685e-01 1.275000000000000022e-01
3.950000000000000178e-01 2.491666666666666752e-01 2.391666666666666663e-01 1.166666666666666685e-01
1.291666666666666796e-01 6.033333333333333881e-01 1.758333333333333415e-01 9.166666666666666019e-02
3.116666666666666474e-01 2.416666666666666685e-01 1.675000000000000100e-01 2.791666666666666741e-01
7.333333333333333370e-02 1.774999999999999911e-01 5.983333333333333837e-01 1.508333333333333470e-01
1.933333333333333293e-01 1.300000000000000044e-01 4.266666666666666941e-01 2.500000000000000000e-01
1.300000000000000044e-01 4.724999999999999756e-01 1.833333333333333204e-01 2.141666666666666718e-01
4.416666666666666519e-01 4.608333333333333171e-01 2.249999999999999917e-02 7.499999999999999722e-02
1.625000000000000056e-01 1.883333333333333248e-01 1.375000000000000111e-01 5.116666666666667140e-01
2.374999999999999889e-01 2.249999999999999917e-02 1.024999999999999939e-01 6.374999999999999556e-01
1.533333333333333215e-01 5.308333333333333792e-01 1.158333333333333298e-01 2.000000000000000111e-01
9.249999999999999889e-02 6.891666666666667052e-01 1.483333333333333448e-01 7.000000000000000666e-02
2.366666666666666641e-01 2.650000000000000133e-01 1.958333333333333315e-01 3.024999999999999911e-01
