7.258333333333333304e-01 5.666666666666666380e-02 6.250000000000000000e-02 1.549999999999999989e-01
3.383333333333333193e-01 3.508333333333333304e-01 9.916666666666666685e-02 2.116666666666666696e-01
2.941666666666666874e-01 1.366666666666666585e-01 2.600000000000000089e-01 3.091666666666666452e-01
1.224999999999999978e-01 4.733333333333333282e-01 2.133333333333333470e-01 1.908333333333333270e-01
2.783333333333333215e-01 3.691666666666666430e-01 3.916666666666666907e-02 3.133333333333333526e-01
4.866666666666666918e-01 1.491666666666666696e-01 2.608333333333333059e-01 1.033333333333333326e-01
2.924999999999999822e-01 1.524999999999999967e-01 4.550000000000000155e-01 1.000000000000000056e-01
6.083333333333333648e-02 6.166666666666666824e-02 7.491666666666666474e-01 1.283333333333333270e-01
2.124999999999999944e-01 2.591666666666666563e-01 2.575000000000000067e-01 2.708333333333333148e-01
1.024999999999999939e-01 6.824999999999999956e-01 8.666666666666666963e-02 1.283333333333333270e-01
4.933333333333333459e-01 1.633333333333333304e-01 4.000000000000000083e-02 3.033333333333333437e-01
8.074999999999999956e-01 5.833333333333333426e-02 9.916666666666666685e-02 3.500000000000000333e-02
6.333333333333333870e-02 2.625000000000000111e-01 4.666666666666666879e-02 6.274999999999999467e-01
7.833333333333333814e-02 2.591666666666666563e-01 5.050000000000000044e-01 1.575000000000000011e-01
2.808333333333333237e-01 2.258333333333333304e-01 2.541666666666666519e-01 2.391666666666666663e-01
4.450000000000000067e-01 2.174999999999999989e-01 2.300000000000000100e-01 1.074999999999999983e-01
1.925000000000000044e-01 5.391666666666666829e-01 2.325000000000000122e-01 3.583333333333333509e-02
8.500000000000000611e-02 1.833333333333333204e-01 3.441666666666666763e-01 3.875000000000000111e-01
1.049999999999999961e-01 4.425000000000000044e-01 2.383333333333333415e-01 2.141666666666666718e-01
1.858333333333333226e-01 2.391666666666666663e-01 1.675000000000000100e-01 4.074999999999999734e-01
