7.133333333333333748e-01 9.249999999999999889e-02 8.416666666666666741e-02 1.100000000000000006e-01
1.258333333333333248e-01 5.500000000000000028e-02 5.741666666666667140e-01 2.449999999999999956e-01
5.916666666666666602e-02 1.158333333333333298e-01 6.583333333333332704e-02 7.591666666666666563e-01
2.633333333333333082e-01 2.283333333333333326e-01 3.699999999999999956e-01 1.383333333333333359e-01
2.091666666666666674e-01 3.800000000000000044e-01 2.033333333333333381e-01 2.074999999999999900e-01
7.216666666666666785e-01 9.916666666666666685e-02 6.083333333333333648e-02 1.183333333333333320e-01
6.650000000000000355e-01 8.833333333333333315e-02 9.833333333333332815e-02 1.483333333333333448e-01
9.666666666666666463e-02 6.600000000000000311e-01 1.208333333333333343e-01 1.224999999999999978e-01
7.499999999999999722e-02 1.358333333333333337e-01 6.716666666666666341e-01 1.174999999999999933e-01
1.925000000000000044e-01 2.399999999999999911e-01 4.408333333333333548e-01 1.266666666666666774e-01
9.666666666666666463e-02 7.125000000000000222e-01 9.833333333333332815e-02 9.249999999999999889e-02
2.149999999999999967e-01 3.683333333333333459e-01 2.275000000000000078e-01 1.891666666666666774e-01
7.791666666666666741e-01 5.166666666666666630e-02 1.191666666666666707e-01 5.000000000000000278e-02
2.374999999999999889e-01 2.666666666666666630e-01 3.058333333333333459e-01 1.900000000000000022e-01
2.141666666666666718e-01 1.691666666666666596e-01 4.166666666666666852e-01 2.000000000000000111e-01
1.499999999999999944e-01 4.566666666666666652e-01 1.983333333333333337e-01 1.950000000000000067e-01
1.150000000000000050e-01 1.941666666666666541e-01 1.208333333333333343e-01 5.699999999999999512e-01
5.150000000000000133e-01 2.416666666666666685e-01 1.316666666666666541e-01 1.116666666666666641e-01
1.483333333333333448e-01 5.591666666666667007e-01 9.583333333333333981e-02 1.966666666666666563e-01
9.666666666666666463e-02 7.425000000000000488e-01 6.750000000000000444e-02 9.333333333333333759e-02
5.866666666666666696e-01 1.091666666666666619e-01 1.024999999999999939e-01 2.016666666666666607e-01
5.424999999999999822e-01 1.808333333333333459e-01 1.658333333333333326e-01 1.108333333333333393e-01
