2.416666666666666616e-02 2.000000000000000111e-01 3.624999999999999889e-01 4.133333333333333304e-01
3.333333333333333547e-03 3.016666666666666941e-01 2.691666666666666652e-01 4.258333333333333415e-01
3.200000000000000067e-01 4.416666666666666519e-01 1.266666666666666774e-01 1.116666666666666641e-01
9.166666666666666019e-02 4.050000000000000266e-01 4.233333333333333393e-01 8.000000000000000167e-02
2.500000000000000000e-01 1.841666666666666730e-01 3.666666666666666685e-02 5.291666666666666741e-01
2.608333333333333059e-01 2.124999999999999944e-01 7.166666666666667018e-02 4.550000000000000155e-01
9.583333333333333981e-02 2.466666666666666730e-01 2.074999999999999900e-01 4.500000000000000111e-01
1.033333333333333326e-01 5.166666666666667185e-01 1.458333333333333426e-01 2.341666666666666619e-01
3.333333333333333148e-01 4.358333333333333504e-01 2.183333333333333237e-01 1.250000000000000069e-02
2.249999999999999917e-02 1.166666666666666685e-01 2.500000000000000139e-02 8.358333333333333171e-01
4.499999999999999833e-02 3.099999999999999978e-01 1.100000000000000006e-01 5.350000000000000311e-01
3.583333333333333509e-02 4.233333333333333393e-01 5.200000000000000178e-01 2.083333333333333218e-02
2.808333333333333237e-01 1.616666666666666530e-01 3.950000000000000178e-01 1.625000000000000056e-01
1.258333333333333248e-01 2.899999999999999800e-01 4.733333333333333282e-01 1.108333333333333393e-01
3.916666666666666907e-02 3.049999999999999933e-01 4.749999999999999778e-01 1.808333333333333459e-01
1.325000000000000067e-01 2.283333333333333326e-01 5.300000000000000266e-01 1.091666666666666619e-01
4.191666666666666874e-01 2.750000000000000222e-01 1.466666666666666674e-01 1.591666666666666785e-01
5.516666666666666385e-01 6.916666666666666796e-02 1.308333333333333293e-01 2.483333333333333226e-01
