3.316666666666666652e-01 7.916666666666666297e-02 5.466666666666666341e-01 4.250000000000000305e-02
2.658333333333333104e-01 3.049999999999999933e-01 1.199999999999999956e-01 3.091666666666666452e-01
2.325000000000000122e-01 3.166666666666666935e-02 2.216666666666666785e-01 5.141666666666666607e-01
1.833333333333333204e-01 5.283333333333333215e-01 2.308333333333333348e-01 5.750000000000000250e-02
5.249999999999999806e-02 1.783333333333333437e-01 6.925000000000000044e-01 7.666666666666666075e-02
4.133333333333333304e-01 1.141666666666666663e-01 3.766666666666666496e-01 9.583333333333333981e-02
4.583333333333333010e-02 2.474999999999999978e-01 3.175000000000000044e-01 3.891666666666666607e-01
1.133333333333333276e-01 2.358333333333333393e-01 1.449999999999999900e-01 5.058333333333333570e-01
9.249999999999999889e-02 5.766666666666666607e-01 2.808333333333333237e-01 5.000000000000000278e-02
8.583333333333333093e-02 1.966666666666666563e-01 5.858333333333333171e-01 1.316666666666666541e-01
4.066666666666666763e-01 4.641666666666666718e-01 1.116666666666666641e-01 1.750000000000000167e-02
1.325000000000000067e-01 4.283333333333333437e-01 8.416666666666666741e-02 3.549999999999999822e-01
3.566666666666666874e-01 2.908333333333333326e-01 6.666666666666666574e-02 2.858333333333333282e-01
1.575000000000000011e-01 1.291666666666666796e-01 6.816666666666666430e-01 3.166666666666666935e-02
1.258333333333333248e-01 1.650000000000000078e-01 1.950000000000000067e-01 5.141666666666666607e-01
1.883333333333333248e-01 1.341666666666666563e-01 7.749999999999999944e-02 5.999999999999999778e-01
2.016666666666666607e-01 1.024999999999999939e-01 4.874999999999999889e-01 2.083333333333333426e-01
1.683333333333333348e-01 2.849999999999999756e-01 2.225000000000000033e-01 3.241666666666666585e-01
