4.033333333333333215e-01 3.041666666666666408e-01 2.775000000000000244e-01 1.499999999999999944e-02
5.508333333333332860e-01 4.250000000000000305e-02 2.341666666666666619e-01 1.724999999999999867e-01
4.250000000000000305e-02 2.666666666666666838e-02 4.224999999999999867e-01 5.083333333333333037e-01
3.008333333333333415e-01 3.250000000000000111e-01 1.058333333333333348e-01 2.683333333333333126e-01
3.925000000000000155e-01 4.916666666666666408e-02 2.891666666666666829e-01 2.691666666666666652e-01
5.583333333333333204e-02 3.158333333333333548e-01 5.050000000000000044e-01 1.233333333333333365e-01
9.249999999999999889e-02 4.083333333333333259e-02 5.158333333333333659e-01 3.508333333333333304e-01
4.241666666666666918e-01 2.575000000000000067e-01 1.833333333333333343e-02 2.999999999999999889e-01
4.066666666666666763e-01 1.658333333333333326e-01 3.683333333333333459e-01 5.916666666666666602e-02
9.750000000000000333e-02 4.483333333333333059e-01 2.874999999999999778e-01 1.666666666666666574e-01
5.958333333333333259e-01 1.333333333333333419e-02 6.250000000000000000e-02 3.283333333333333104e-01
5.008333333333333526e-01 3.933333333333333126e-01 9.916666666666666685e-02 6.666666666666667095e-03
2.491666666666666752e-01 2.158333333333333215e-01 1.291666666666666796e-01 4.058333333333333237e-01
1.150000000000000050e-01 4.408333333333333548e-01 1.600000000000000033e-01 2.841666666666666785e-01
2.433333333333333459e-01 4.724999999999999756e-01 1.608333333333333282e-01 1.233333333333333365e-01
5.116666666666667140e-01 1.416666666666666630e-01 2.041666666666666630e-01 1.424999999999999878e-01
2.216666666666666785e-01 1.416666666666666630e-01 4.583333333333333148e-01 1.783333333333333437e-01
2.833333333333333190e-02 2.341666666666666619e-01 5.083333333333333037e-01 2.291666666666666574e-01
2.466666666666666730e-01 1.000000000000000056e-01 5.216666666666666119e-01 1.316666666666666541e-01
1.666666666666666644e-02 2.583333333333333592e-01 3.066666666666666430e-01 4.183333333333333348e-01
