1.074999999999999983e-01 1.091666666666666619e-01 6.666666666666666297e-01 1.166666666666666685e-01
3.250000000000000111e-01 3.375000000000000222e-01 8.999999999999999667e-02 2.474999999999999978e-01
2.716666666666666674e-01 3.616666666666666918e-01 2.133333333333333470e-01 1.533333333333333215e-01
3.925000000000000155e-01 1.799999999999999933e-01 8.749999999999999445e-02 3.400000000000000244e-01
3.416666666666666463e-02 1.350000000000000089e-01 3.458333333333333259e-01 4.849999999999999867e-01
1.449999999999999900e-01 2.466666666666666730e-01 1.008333333333333304e-01 5.074999999999999512e-01
2.841666666666666785e-01 3.041666666666666408e-01 3.225000000000000089e-01 8.916666666666667185e-02
1.283333333333333270e-01 1.049999999999999961e-01 1.058333333333333348e-01 6.608333333333333837e-01
4.691666666666666763e-01 4.050000000000000266e-01 1.083333333333333370e-01 1.750000000000000167e-02
3.616666666666666918e-01 2.399999999999999911e-01 3.183333333333333570e-01 8.000000000000000167e-02
1.366666666666666585e-01 5.016666666666667052e-01 3.191666666666666541e-01 4.250000000000000305e-02
3.574999999999999845e-01 1.533333333333333215e-01 2.241666666666666530e-01 2.650000000000000133e-01
1.441666666666666652e-01 3.166666666666666519e-01 1.966666666666666563e-01 3.425000000000000266e-01
2.583333333333333315e-02 4.583333333333333010e-02 5.708333333333333037e-01 3.574999999999999845e-01
1.558333333333333237e-01 1.466666666666666674e-01 5.100000000000000089e-01 1.875000000000000000e-01
5.583333333333333481e-01 2.924999999999999822e-01 2.416666666666666616e-02 1.250000000000000000e-01
4.541666666666666630e-01 1.750000000000000167e-02 3.391666666666666718e-01 1.891666666666666774e-01
1.841666666666666730e-01 1.466666666666666674e-01 1.583333333333333467e-02 6.533333333333333215e-01
1.716666666666666619e-01 7.083333333333333148e-02 6.133333333333332860e-01 1.441666666666666652e-01
4.583333333333333010e-02 6.500000000000000222e-02 3.150000000000000022e-01 5.741666666666667140e-01
2.608333333333333059e-01 3.216666666666666563e-01 4.666666666666666879e-02 3.708333333333333481e-01
2.266666666666666552e-01 3.108333333333333504e-01 1.883333333333333248e-01 2.741666666666666696e-01
2.216666666666666785e-01 3.916666666666666630e-01 2.591666666666666563e-01 1.275000000000000022e-01
