3.308333333333333126e-01 4.575000000000000178e-01 4.916666666666666408e-02 1.625000000000000056e-01
2.849999999999999756e-01 3.250000000000000111e-01 3.583333333333333370e-01 3.166666666666666935e-02
4.000000000000000222e-01 2.466666666666666730e-01 2.983333333333333393e-01 5.500000000000000028e-02
1.875000000000000000e-01 1.091666666666666619e-01 6.925000000000000044e-01 1.083333333333333370e-02
3.716666666666666452e-01 5.058333333333333570e-01 1.125000000000000028e-01 1.000000000000000021e-02
1.041666666666666713e-01 3.074999999999999956e-01 1.166666666666666685e-01 4.716666666666666785e-01
1.250000000000000000e-01 2.208333333333333259e-01 1.741666666666666641e-01 4.799999999999999822e-01
2.616666666666666585e-01 2.633333333333333082e-01 2.133333333333333470e-01 2.616666666666666585e-01
1.241666666666666613e-01 3.266666666666666607e-01 2.491666666666666752e-01 2.999999999999999889e-01
1.400000000000000133e-01 2.325000000000000122e-01 3.108333333333333504e-01 3.166666666666666519e-01
2.391666666666666663e-01 5.000000000000000278e-02 1.408333333333333381e-01 5.699999999999999512e-01
1.266666666666666774e-01 5.249999999999999806e-02 1.275000000000000022e-01 6.933333333333333570e-01
1.875000000000000000e-01 5.858333333333333171e-01 3.916666666666666907e-02 1.875000000000000000e-01
3.666666666666666408e-01 1.625000000000000056e-01 3.766666666666666496e-01 9.416666666666666241e-02
2.441666666666666707e-01 2.416666666666666685e-01 1.499999999999999944e-02 4.991666666666666474e-01
2.025000000000000133e-01 3.491666666666666807e-01 1.408333333333333381e-01 3.074999999999999956e-01
1.333333333333333315e-01 3.633333333333333415e-01 2.000000000000000042e-02 4.833333333333333370e-01
3.333333333333333148e-01 1.524999999999999967e-01 2.858333333333333282e-01 2.283333333333333326e-01
4.750000000000000056e-02 2.999999999999999889e-01 1.016666666666666691e-01 5.508333333333332860e-01
7.416666666666667240e-02 1.483333333333333448e-01 7.550000000000000044e-01 2.249999999999999917e-02
4.258333333333333415e-01 1.291666666666666796e-01 2.999999999999999889e-01 1.449999999999999900e-01
