5.083333333333333454e-02 7.824999999999999734e-01 1.508333333333333470e-01 1.583333333333333467e-02
8.000000000000000167e-02 2.474999999999999978e-01 1.583333333333333259e-01 5.141666666666666607e-01
2.300000000000000100e-01 4.016666666666666718e-01 1.908333333333333270e-01 1.774999999999999911e-01
4.416666666666666657e-02 4.550000000000000155e-01 3.400000000000000244e-01 1.608333333333333282e-01
4.283333333333333437e-01 1.925000000000000044e-01 2.158333333333333215e-01 1.633333333333333304e-01
4.066666666666666763e-01 1.824999999999999956e-01 2.108333333333333448e-01 2.000000000000000111e-01
2.066666666666666652e-01 6.766666666666666385e-01 1.583333333333333467e-02 1.008333333333333304e-01
1.591666666666666785e-01 4.124999999999999778e-01 3.566666666666666874e-01 7.166666666666667018e-02
5.500000000000000444e-01 1.366666666666666585e-01 2.550000000000000044e-01 5.833333333333333426e-02
1.216666666666666730e-01 3.875000000000000111e-01 3.524999999999999800e-01 1.383333333333333359e-01
5.300000000000000266e-01 1.116666666666666641e-01 1.516666666666666718e-01 2.066666666666666652e-01
6.233333333333332948e-01 1.083333333333333370e-01 1.208333333333333343e-01 1.474999999999999922e-01
3.950000000000000178e-01 1.208333333333333343e-01 4.149999999999999800e-01 6.916666666666666796e-02
2.899999999999999800e-01 3.583333333333333370e-01 1.216666666666666730e-01 2.300000000000000100e-01
4.916666666666666408e-02 2.241666666666666530e-01 6.041666666666666297e-01 1.224999999999999978e-01
2.516666666666666496e-01 4.625000000000000222e-01 8.416666666666666741e-02 2.016666666666666607e-01
4.583333333333333010e-02 3.566666666666666874e-01 2.533333333333333548e-01 3.441666666666666763e-01
7.499999999999999722e-02 3.633333333333333415e-01 1.983333333333333337e-01 3.633333333333333415e-01
7.966666666666666341e-01 1.066666666666666735e-01 2.916666666666666713e-02 6.750000000000000444e-02
1.900000000000000022e-01 4.199999999999999845e-01 2.316666666666666596e-01 1.583333333333333259e-01
1.641666666666666552e-01 1.966666666666666563e-01 1.708333333333333370e-01 4.683333333333333237e-01
1.241666666666666613e-01 3.983333333333333171e-01 3.758333333333333526e-01 1.016666666666666691e-01
1.741666666666666641e-01 2.149999999999999967e-01 3.925000000000000155e-01 2.183333333333333237e-01
