4.749999999999999778e-01 3.850000000000000089e-01 1.224999999999999978e-01 1.750000000000000167e-02
2.091666666666666674e-01 3.283333333333333104e-01 3.633333333333333415e-01 9.916666666666666685e-02
3.383333333333333193e-01 1.125000000000000028e-01 4.258333333333333415e-01 1.233333333333333365e-01
1.733333333333333393e-01 2.191666666666666763e-01 4.341666666666666452e-01 1.733333333333333393e-01
4.191666666666666874e-01 1.858333333333333226e-01 2.608333333333333059e-01 1.341666666666666563e-01
1.616666666666666530e-01 4.274999999999999911e-01 6.750000000000000444e-02 3.433333333333333237e-01
4.833333333333333232e-02 7.483333333333332948e-01 1.575000000000000011e-01 4.583333333333333010e-02
3.608333333333333393e-01 2.833333333333333190e-02 2.725000000000000200e-01 3.383333333333333193e-01
4.783333333333333326e-01 2.566666666666666541e-01 1.524999999999999967e-01 1.125000000000000028e-01
2.716666666666666674e-01 2.691666666666666652e-01 3.699999999999999956e-01 8.916666666666667185e-02
1.049999999999999961e-01 1.141666666666666663e-01 8.166666666666666519e-02 6.991666666666667140e-01
3.133333333333333526e-01 3.441666666666666763e-01 1.024999999999999939e-01 2.399999999999999911e-01
9.916666666666666685e-02 4.258333333333333415e-01 7.083333333333333148e-02 4.041666666666666741e-01
8.649999999999999911e-01 5.083333333333333454e-02 4.499999999999999833e-02 3.916666666666666907e-02
3.016666666666666941e-01 1.633333333333333304e-01 1.016666666666666691e-01 4.333333333333333481e-01
5.008333333333333526e-01 1.083333333333333370e-01 2.341666666666666619e-01 1.566666666666666763e-01
4.824999999999999845e-01 1.233333333333333365e-01 4.499999999999999833e-02 3.491666666666666807e-01
4.208333333333333370e-01 2.800000000000000266e-01 1.024999999999999939e-01 1.966666666666666563e-01
1.066666666666666735e-01 2.200000000000000011e-01 2.791666666666666741e-01 3.941666666666666652e-01
4.166666666666666435e-02 4.124999999999999778e-01 1.749999999999999889e-01 3.708333333333333481e-01
2.258333333333333304e-01 2.158333333333333215e-01 1.241666666666666613e-01 4.341666666666666452e-01
