3.991666666666666696e-01 4.208333333333333370e-01 6.083333333333333648e-02 1.191666666666666707e-01
1.033333333333333326e-01 7.583333333333333592e-02 4.716666666666666785e-01 3.491666666666666807e-01
3.749999999999999861e-02 7.750000000000000222e-01 8.333333333333333218e-03 1.791666666666666685e-01
1.441666666666666652e-01 1.783333333333333437e-01 5.074999999999999512e-01 1.700000000000000122e-01
4.874999999999999889e-01 3.833333333333333037e-02 5.500000000000000028e-02 4.191666666666666874e-01
1.516666666666666718e-01 2.091666666666666674e-01 3.958333333333333148e-01 2.433333333333333459e-01
1.866666666666666752e-01 5.899999999999999689e-01 1.416666666666666630e-01 8.166666666666666519e-02
5.408333333333333881e-01 2.666666666666666838e-02 2.866666666666666807e-01 1.458333333333333426e-01
4.608333333333333171e-01 1.616666666666666530e-01 3.433333333333333237e-01 3.416666666666666463e-02
1.458333333333333426e-01 3.433333333333333237e-01 3.408333333333333215e-01 1.700000000000000122e-01
2.133333333333333470e-01 1.083333333333333370e-02 3.316666666666666652e-01 4.441666666666666541e-01
2.750000000000000014e-02 1.883333333333333248e-01 3.383333333333333193e-01 4.458333333333333592e-01
1.991666666666666585e-01 5.524999999999999911e-01 3.916666666666666907e-02 2.091666666666666674e-01
2.049999999999999878e-01 1.566666666666666763e-01 2.525000000000000022e-01 3.858333333333333059e-01
8.166666666666666519e-02 3.150000000000000022e-01 5.116666666666667140e-01 9.166666666666666019e-02
2.233333333333333282e-01 2.533333333333333548e-01 3.391666666666666718e-01 1.841666666666666730e-01
4.866666666666666918e-01 4.383333333333333526e-01 4.833333333333333232e-02 2.666666666666666838e-02
1.449999999999999900e-01 3.574999999999999845e-01 2.225000000000000033e-01 2.750000000000000222e-01
5.458333333333332815e-01 3.474999999999999756e-01 2.416666666666666616e-02 8.250000000000000389e-02
1.108333333333333393e-01 2.874999999999999778e-01 3.983333333333333171e-01 2.033333333333333381e-01
2.741666666666666696e-01 1.900000000000000022e-01 3.916666666666666630e-01 1.441666666666666652e-01
