6.508333333333333748e-01 5.916666666666666602e-02 1.991666666666666585e-01 9.083333333333333537e-02
3.308333333333333126e-01 3.750000000000000000e-01 1.758333333333333415e-01 1.183333333333333320e-01
3.491666666666666807e-01 1.300000000000000044e-01 2.658333333333333104e-01 2.550000000000000044e-01
1.958333333333333315e-01 3.574999999999999845e-01 2.016666666666666607e-01 2.449999999999999956e-01
6.450000000000000178e-01 2.449999999999999956e-01 3.416666666666666463e-02 7.583333333333333592e-02
1.849999999999999978e-01 5.100000000000000089e-01 8.833333333333333315e-02 2.166666666666666741e-01
2.275000000000000078e-01 3.258333333333333082e-01 8.833333333333333315e-02 3.583333333333333370e-01
6.083333333333333648e-02 3.641666666666666941e-01 4.391666666666666496e-01 1.358333333333333337e-01
1.458333333333333426e-01 2.349999999999999867e-01 8.583333333333333093e-02 5.333333333333333259e-01
3.866666666666666585e-01 2.258333333333333304e-01 1.824999999999999956e-01 2.049999999999999878e-01
1.233333333333333365e-01 3.908333333333333104e-01 3.441666666666666763e-01 1.416666666666666630e-01
5.816666666666666652e-01 1.150000000000000050e-01 2.691666666666666652e-01 3.416666666666666463e-02
8.416666666666666741e-02 1.650000000000000078e-01 2.025000000000000133e-01 5.483333333333333393e-01
7.091666666666666119e-01 1.174999999999999933e-01 1.074999999999999983e-01 6.583333333333332704e-02
1.841666666666666730e-01 4.324999999999999956e-01 3.083333333333333481e-01 7.499999999999999722e-02
1.941666666666666541e-01 7.833333333333333814e-02 5.941666666666666208e-01 1.333333333333333315e-01
8.999999999999999667e-02 7.000000000000000666e-02 5.491666666666666918e-01 2.908333333333333326e-01
5.249999999999999806e-02 8.749999999999999445e-02 5.716666666666666563e-01 2.883333333333333304e-01
9.666666666666666463e-02 1.966666666666666563e-01 5.749999999999999556e-01 1.316666666666666541e-01
3.816666666666666541e-01 4.000000000000000222e-01 6.583333333333332704e-02 1.524999999999999967e-01
1.591666666666666785e-01 3.291666666666666630e-01 1.774999999999999911e-01 3.341666666666666674e-01
