7.249999999999999500e-02 4.483333333333333059e-01 1.125000000000000028e-01 3.666666666666666408e-01
1.508333333333333470e-01 2.583333333333333592e-01 8.833333333333333315e-02 5.024999999999999467e-01
9.333333333333333759e-02 7.658333333333333659e-01 1.150000000000000050e-01 2.583333333333333315e-02
4.124999999999999778e-01 4.916666666666666408e-02 4.516666666666666607e-01 8.666666666666666963e-02
3.524999999999999800e-01 6.583333333333332704e-02 2.833333333333333259e-01 2.983333333333333393e-01
3.400000000000000244e-01 2.091666666666666674e-01 2.141666666666666718e-01 2.366666666666666641e-01
2.300000000000000100e-01 4.358333333333333504e-01 2.924999999999999822e-01 4.166666666666666435e-02
3.791666666666666519e-01 7.083333333333333148e-02 7.249999999999999500e-02 4.774999999999999800e-01
6.350000000000000089e-01 9.416666666666666241e-02 1.900000000000000022e-01 8.083333333333332649e-02
2.458333333333333204e-01 1.875000000000000000e-01 1.991666666666666585e-01 3.674999999999999933e-01
5.733333333333333615e-01 3.333333333333333287e-02 1.708333333333333370e-01 2.225000000000000033e-01
7.583333333333333592e-02 4.666666666666666879e-02 3.716666666666666452e-01 5.058333333333333570e-01
1.758333333333333415e-01 7.016666666666666607e-01 5.500000000000000028e-02 6.750000000000000444e-02
2.099999999999999922e-01 2.733333333333333171e-01 2.991666666666666918e-01 2.174999999999999989e-01
2.625000000000000111e-01 9.249999999999999889e-02 1.183333333333333320e-01 5.266666666666666163e-01
1.208333333333333343e-01 4.166666666666666852e-01 2.558333333333333570e-01 2.066666666666666652e-01
5.999999999999999778e-02 5.833333333333333426e-02 2.333333333333333370e-01 6.483333333333333171e-01
2.275000000000000078e-01 1.716666666666666619e-01 2.183333333333333237e-01 3.825000000000000067e-01
5.083333333333333454e-02 1.341666666666666563e-01 5.341666666666666785e-01 2.808333333333333237e-01
