1.366666666666666585e-01 6.016666666666666829e-01 1.283333333333333270e-01 1.333333333333333315e-01
2.666666666666666630e-01 3.225000000000000089e-01 2.941666666666666874e-01 1.166666666666666685e-01
2.491666666666666752e-01 2.458333333333333204e-01 2.233333333333333282e-01 2.816666666666666763e-01
8.250000000000000389e-02 1.166666666666666685e-01 5.466666666666666341e-01 2.541666666666666519e-01
1.458333333333333426e-01 2.091666666666666674e-01 2.433333333333333459e-01 4.016666666666666718e-01
9.166666666666666713e-03 3.300000000000000155e-01 3.133333333333333526e-01 3.474999999999999756e-01
9.249999999999999889e-02 2.158333333333333215e-01 6.208333333333333481e-01 7.083333333333333148e-02
1.583333333333333467e-02 8.833333333333333037e-01 5.249999999999999806e-02 4.833333333333333232e-02
6.666666666666666297e-01 3.916666666666666907e-02 2.866666666666666807e-01 7.499999999999999722e-03
1.749999999999999889e-01 8.000000000000000167e-02 1.774999999999999911e-01 5.675000000000000044e-01
7.066666666666666652e-01 6.166666666666666824e-02 1.141666666666666663e-01 1.174999999999999933e-01
3.283333333333333104e-01 1.808333333333333459e-01 1.400000000000000133e-01 3.508333333333333304e-01
3.716666666666666452e-01 5.500000000000000028e-02 2.766666666666666718e-01 2.966666666666666896e-01
2.124999999999999944e-01 3.533333333333333326e-01 3.533333333333333326e-01 8.083333333333332649e-02
2.083333333333333218e-02 3.200000000000000067e-01 4.641666666666666718e-01 1.950000000000000067e-01
2.241666666666666530e-01 2.149999999999999967e-01 1.091666666666666619e-01 4.516666666666666607e-01
4.833333333333333232e-02 2.775000000000000244e-01 3.841666666666666563e-01 2.899999999999999800e-01
5.583333333333333204e-02 2.816666666666666763e-01 3.716666666666666452e-01 2.908333333333333326e-01
4.141666666666666829e-01 2.575000000000000067e-01 2.974999999999999867e-01 3.083333333333333412e-02
