5.291666666666666741e-01 3.250000000000000111e-01 2.083333333333333218e-02 1.250000000000000000e-01
6.416666666666667185e-01 7.249999999999999500e-02 5.166666666666666630e-02 2.341666666666666619e-01
2.683333333333333126e-01 2.616666666666666585e-01 3.825000000000000067e-01 8.749999999999999445e-02
9.916666666666666685e-02 5.116666666666667140e-01 2.108333333333333448e-01 1.783333333333333437e-01
2.016666666666666607e-01 2.174999999999999989e-01 4.283333333333333437e-01 1.524999999999999967e-01
4.324999999999999956e-01 9.500000000000000111e-02 2.933333333333333348e-01 1.791666666666666685e-01
8.333333333333332871e-02 5.883333333333333748e-01 7.333333333333333370e-02 2.550000000000000044e-01
2.583333333333333315e-02 2.033333333333333381e-01 3.350000000000000200e-01 4.358333333333333504e-01
4.541666666666666630e-01 3.758333333333333526e-01 1.199999999999999956e-01 5.000000000000000278e-02
3.366666666666666696e-01 1.866666666666666752e-01 3.516666666666666829e-01 1.250000000000000000e-01
5.083333333333333454e-02 7.000000000000000666e-02 3.916666666666666630e-01 4.874999999999999889e-01
2.691666666666666652e-01 1.783333333333333437e-01 1.524999999999999967e-01 4.000000000000000222e-01
4.074999999999999734e-01 1.016666666666666691e-01 4.025000000000000244e-01 8.833333333333333315e-02
1.700000000000000122e-01 2.383333333333333415e-01 1.799999999999999933e-01 4.116666666666666807e-01
1.000000000000000056e-01 4.083333333333333259e-02 8.916666666666667185e-02 7.700000000000000178e-01
1.916666666666666796e-01 3.850000000000000089e-01 2.558333333333333570e-01 1.675000000000000100e-01
1.400000000000000133e-01 2.633333333333333082e-01 4.533333333333333104e-01 1.433333333333333404e-01
1.133333333333333276e-01 2.166666666666666741e-02 7.908333333333333881e-01 7.416666666666667240e-02
4.224999999999999867e-01 3.325000000000000178e-01 1.350000000000000089e-01 1.100000000000000006e-01
2.491666666666666752e-01 8.083333333333332649e-02 4.699999999999999734e-01 2.000000000000000111e-01
2.874999999999999778e-01 2.258333333333333304e-01 3.116666666666666474e-01 1.749999999999999889e-01
1.491666666666666696e-01 1.208333333333333343e-01 3.858333333333333059e-01 3.441666666666666763e-01
2.666666666666666838e-02 6.416666666666667185e-01 1.191666666666666707e-01 2.124999999999999944e-01
