1.250000000000000000e-01 9.249999999999999889e-02 6.191666666666666430e-01 1.633333333333333304e-01
1.066666666666666735e-01 1.233333333333333365e-01 3.808333333333333570e-01 3.891666666666666607e-01
2.541666666666666519e-01 2.833333333333333259e-01 5.666666666666666380e-02 4.058333333333333237e-01
8.333333333333332871e-02 5.183333333333333126e-01 1.241666666666666613e-01 2.741666666666666696e-01
7.416666666666667240e-02 1.300000000000000044e-01 2.508333333333333526e-01 5.450000000000000400e-01
4.041666666666666741e-01 3.250000000000000111e-02 2.675000000000000155e-01 2.958333333333333370e-01
5.916666666666666602e-02 2.066666666666666652e-01 6.666666666666666297e-01 6.750000000000000444e-02
5.466666666666666341e-01 9.166666666666666019e-02 1.016666666666666691e-01 2.600000000000000089e-01
4.316666666666666430e-01 7.833333333333333814e-02 7.249999999999999500e-02 4.174999999999999822e-01
1.966666666666666563e-01 1.991666666666666585e-01 1.066666666666666735e-01 4.974999999999999978e-01
6.091666666666666341e-01 9.166666666666666019e-02 2.441666666666666707e-01 5.500000000000000028e-02
4.166666666666666852e-01 2.833333333333333259e-01 2.525000000000000022e-01 4.750000000000000056e-02
1.975000000000000089e-01 2.849999999999999756e-01 1.625000000000000056e-01 3.549999999999999822e-01
1.033333333333333326e-01 4.475000000000000089e-01 1.700000000000000122e-01 2.791666666666666741e-01
3.558333333333333348e-01 3.583333333333333370e-01 2.408333333333333437e-01 4.499999999999999833e-02
4.025000000000000244e-01 3.083333333333333481e-01 4.833333333333333232e-02 2.408333333333333437e-01
3.975000000000000200e-01 2.374999999999999889e-01 1.958333333333333315e-01 1.691666666666666596e-01
5.500000000000000028e-02 4.174999999999999822e-01 2.158333333333333215e-01 3.116666666666666474e-01
3.500000000000000333e-02 7.508333333333333526e-01 1.600000000000000033e-01 5.416666666666666852e-02
4.033333333333333215e-01 2.916666666666666852e-01 2.049999999999999878e-01 1.000000000000000056e-01
3.425000000000000266e-01 9.416666666666666241e-02 1.750000000000000167e-02 5.458333333333332815e-01
3.624999999999999889e-01 1.524999999999999967e-01 4.333333333333333481e-02 4.416666666666666519e-01
