1.266666666666666774e-01 4.716666666666666785e-01 3.449999999999999734e-01 5.666666666666666380e-02
2.066666666666666652e-01 2.500000000000000052e-03 5.383333333333333304e-01 2.525000000000000022e-01
7.016666666666666607e-01 3.583333333333333509e-02 1.816666666666666707e-01 8.083333333333332649e-02
2.483333333333333226e-01 4.050000000000000266e-01 1.375000000000000111e-01 2.091666666666666674e-01
2.466666666666666730e-01 4.074999999999999734e-01 7.333333333333333370e-02 2.725000000000000200e-01
9.750000000000000333e-02 2.775000000000000244e-01 1.774999999999999911e-01 4.475000000000000089e-01
1.749999999999999889e-01 6.166666666666666824e-02 4.074999999999999734e-01 3.558333333333333348e-01
2.025000000000000133e-01 1.633333333333333304e-01 5.333333333333333676e-02 5.808333333333333126e-01
1.008333333333333304e-01 3.325000000000000178e-01 4.224999999999999867e-01 1.441666666666666652e-01
9.750000000000000333e-02 1.675000000000000100e-01 6.516666666666666163e-01 8.333333333333332871e-02
1.683333333333333348e-01 9.416666666666666241e-02 2.333333333333333440e-02 7.141666666666666163e-01
1.833333333333333343e-02 2.066666666666666652e-01 3.691666666666666430e-01 4.058333333333333237e-01
3.833333333333333037e-02 2.433333333333333459e-01 1.499999999999999944e-01 5.683333333333333570e-01
6.083333333333332815e-01 7.249999999999999500e-02 2.191666666666666763e-01 1.000000000000000056e-01
7.166666666666667018e-02 2.566666666666666541e-01 5.666666666666666380e-02 6.149999999999999911e-01
3.300000000000000155e-01 2.525000000000000022e-01 1.366666666666666585e-01 2.808333333333333237e-01
2.016666666666666607e-01 4.500000000000000111e-01 1.474999999999999922e-01 2.008333333333333359e-01
1.100000000000000006e-01 2.691666666666666652e-01 4.016666666666666718e-01 2.191666666666666763e-01
