2.158333333333333215e-01 5.750000000000000250e-02 6.025000000000000355e-01 1.241666666666666613e-01
2.008333333333333359e-01 5.074999999999999512e-01 9.083333333333333537e-02 2.008333333333333359e-01
5.583333333333333204e-02 2.133333333333333470e-01 6.875000000000000000e-01 4.333333333333333481e-02
2.616666666666666585e-01 1.391666666666666607e-01 1.074999999999999983e-01 4.916666666666666408e-01
2.666666666666666838e-02 2.750000000000000014e-02 4.041666666666666741e-01 5.416666666666666297e-01
1.483333333333333448e-01 3.183333333333333570e-01 4.375000000000000000e-01 9.583333333333333981e-02
1.308333333333333293e-01 2.508333333333333526e-01 3.491666666666666807e-01 2.691666666666666652e-01
3.250000000000000111e-01 4.899999999999999911e-01 5.416666666666666852e-02 1.308333333333333293e-01
4.050000000000000266e-01 1.583333333333333259e-01 2.483333333333333226e-01 1.883333333333333248e-01
5.308333333333333792e-01 1.833333333333333204e-01 8.999999999999999667e-02 1.958333333333333315e-01
2.166666666666666741e-01 2.183333333333333237e-01 2.083333333333333426e-01 3.566666666666666874e-01
2.641666666666666607e-01 2.491666666666666752e-01 3.216666666666666563e-01 1.650000000000000078e-01
5.966666666666666785e-01 4.916666666666666408e-02 1.774999999999999911e-01 1.766666666666666663e-01
1.466666666666666674e-01 1.516666666666666718e-01 3.783333333333333548e-01 3.233333333333333059e-01
1.616666666666666530e-01 1.758333333333333415e-01 4.333333333333333481e-02 6.191666666666666430e-01
1.791666666666666685e-01 2.358333333333333393e-01 1.000000000000000056e-01 4.849999999999999867e-01
3.833333333333333037e-02 9.666666666666666463e-02 7.208333333333333259e-01 1.441666666666666652e-01
3.708333333333333481e-01 1.141666666666666663e-01 7.249999999999999500e-02 4.425000000000000044e-01
6.016666666666666829e-01 1.291666666666666796e-01 1.641666666666666552e-01 1.049999999999999961e-01
4.841666666666666896e-01 3.691666666666666430e-01 8.083333333333332649e-02 6.583333333333332704e-02
