3.333333333333333287e-02 1.516666666666666718e-01 1.658333333333333326e-01 6.491666666666666696e-01
3.250000000000000111e-02 3.300000000000000155e-01 4.108333333333333282e-01 2.266666666666666552e-01
8.083333333333332649e-02 9.083333333333333537e-02 5.975000000000000311e-01 2.308333333333333348e-01
1.733333333333333393e-01 1.941666666666666541e-01 5.316666666666666208e-01 1.008333333333333304e-01
2.225000000000000033e-01 1.658333333333333326e-01 1.900000000000000022e-01 4.216666666666666896e-01
5.166666666666666630e-02 2.116666666666666696e-01 3.241666666666666585e-01 4.124999999999999778e-01
1.150000000000000050e-01 3.758333333333333526e-01 3.549999999999999822e-01 1.541666666666666741e-01
1.191666666666666707e-01 2.074999999999999900e-01 3.583333333333333370e-01 3.150000000000000022e-01
1.716666666666666619e-01 1.408333333333333381e-01 6.366666666666667140e-01 5.083333333333333454e-02
4.074999999999999734e-01 2.283333333333333326e-01 2.650000000000000133e-01 9.916666666666666685e-02
3.416666666666666463e-02 5.783333333333333659e-01 9.249999999999999889e-02 2.949999999999999845e-01
1.583333333333333259e-01 2.716666666666666674e-01 2.474999999999999978e-01 3.225000000000000089e-01
1.608333333333333282e-01 3.724999999999999978e-01 3.108333333333333504e-01 1.558333333333333237e-01
2.683333333333333126e-01 3.208333333333333592e-01 2.708333333333333148e-01 1.400000000000000133e-01
5.708333333333333037e-01 8.416666666666666741e-02 3.049999999999999933e-01 4.000000000000000083e-02
3.033333333333333437e-01 2.058333333333333404e-01 1.650000000000000078e-01 3.258333333333333082e-01
5.716666666666666563e-01 3.508333333333333304e-01 5.333333333333333676e-02 2.416666666666666616e-02
1.174999999999999933e-01 2.000000000000000111e-01 2.200000000000000011e-01 4.625000000000000222e-01
2.049999999999999878e-01 1.783333333333333437e-01 4.616666666666666696e-01 1.549999999999999989e-01
9.416666666666666241e-02 2.533333333333333548e-01 4.616666666666666696e-01 1.908333333333333270e-01
5.083333333333333454e-02 5.033333333333332993e-01 3.883333333333333082e-01 5.750000000000000250e-02
1.275000000000000022e-01 3.074999999999999956e-01 2.433333333333333459e-01 3.216666666666666563e-01
4.916666666666666408e-02 8.783333333333332993e-01 6.416666666666666352e-02 8.333333333333333218e-03
