1.916666666666666796e-01 3.300000000000000155e-01 4.416666666666666519e-01 3.666666666666666685e-02
1.766666666666666663e-01 2.866666666666666807e-01 3.983333333333333171e-01 1.383333333333333359e-01
4.124999999999999778e-01 8.583333333333333093e-02 3.125000000000000000e-01 1.891666666666666774e-01
1.024999999999999939e-01 2.116666666666666696e-01 4.516666666666666607e-01 2.341666666666666619e-01
5.916666666666666602e-02 6.033333333333333881e-01 5.000000000000000278e-02 2.874999999999999778e-01
2.600000000000000089e-01 2.249999999999999917e-02 6.208333333333333481e-01 9.666666666666666463e-02
3.950000000000000178e-01 1.808333333333333459e-01 8.500000000000000611e-02 3.391666666666666718e-01
2.141666666666666718e-01 1.458333333333333426e-01 4.858333333333333393e-01 1.541666666666666741e-01
8.583333333333333093e-02 1.941666666666666541e-01 9.916666666666666685e-02 6.208333333333333481e-01
6.083333333333333648e-02 2.841666666666666785e-01 3.266666666666666607e-01 3.283333333333333104e-01
5.058333333333333570e-01 4.499999999999999833e-02 1.666666666666666574e-01 2.824999999999999734e-01
3.916666666666666907e-02 6.341666666666666563e-01 1.608333333333333282e-01 1.658333333333333326e-01
9.166666666666666019e-02 3.350000000000000200e-01 1.875000000000000000e-01 3.858333333333333059e-01
1.575000000000000011e-01 5.866666666666666696e-01 4.666666666666666879e-02 2.091666666666666674e-01
1.591666666666666785e-01 7.749999999999999944e-02 3.783333333333333548e-01 3.850000000000000089e-01
4.625000000000000222e-01 1.275000000000000022e-01 4.916666666666666408e-02 3.608333333333333393e-01
3.800000000000000044e-01 8.250000000000000389e-02 2.750000000000000222e-01 2.625000000000000111e-01
5.166666666666666630e-02 7.983333333333333393e-01 7.833333333333333814e-02 7.166666666666667018e-02
2.316666666666666596e-01 8.250000000000000389e-02 4.199999999999999845e-01 2.658333333333333104e-01
1.916666666666666796e-01 2.399999999999999911e-01 4.633333333333333193e-01 1.049999999999999961e-01
