6.158333333333333437e-01 1.566666666666666763e-01 2.083333333333333426e-01 1.916666666666666519e-02
1.375000000000000111e-01 7.308333333333333348e-01 3.666666666666666685e-02 9.500000000000000111e-02
2.766666666666666718e-01 2.508333333333333526e-01 2.508333333333333526e-01 2.216666666666666785e-01
4.833333333333333232e-02 5.274999999999999689e-01 6.916666666666666796e-02 3.549999999999999822e-01
3.524999999999999800e-01 2.766666666666666718e-01 2.341666666666666619e-01 1.366666666666666585e-01
2.866666666666666807e-01 3.916666666666666907e-02 4.500000000000000111e-01 2.241666666666666530e-01
3.066666666666666430e-01 1.883333333333333248e-01 1.849999999999999978e-01 3.200000000000000067e-01
1.058333333333333348e-01 2.233333333333333282e-01 5.550000000000000488e-01 1.158333333333333298e-01
2.983333333333333393e-01 1.483333333333333448e-01 2.999999999999999889e-01 2.533333333333333548e-01
5.291666666666666741e-01 1.341666666666666563e-01 2.808333333333333237e-01 5.583333333333333204e-02
5.083333333333333454e-02 5.183333333333333126e-01 2.683333333333333126e-01 1.625000000000000056e-01
3.808333333333333570e-01 2.341666666666666619e-01 3.283333333333333104e-01 5.666666666666666380e-02
4.475000000000000089e-01 1.566666666666666763e-01 4.166666666666666435e-02 3.541666666666666852e-01
7.833333333333333814e-02 2.808333333333333237e-01 3.883333333333333082e-01 2.525000000000000022e-01
5.333333333333333676e-02 6.283333333333332993e-01 2.124999999999999944e-01 1.058333333333333348e-01
8.999999999999999667e-02 5.249999999999999806e-02 4.050000000000000266e-01 4.525000000000000133e-01
2.174999999999999989e-01 5.408333333333333881e-01 8.749999999999999445e-02 1.541666666666666741e-01
9.166666666666666713e-03 3.500000000000000333e-02 7.399999999999999911e-01 2.158333333333333215e-01
1.033333333333333326e-01 7.916666666666666297e-02 5.408333333333333881e-01 2.766666666666666718e-01
