8.416666666666666741e-02 5.491666666666666918e-01 3.108333333333333504e-01 5.583333333333333204e-02
2.691666666666666652e-01 3.549999999999999822e-01 1.950000000000000067e-01 1.808333333333333459e-01
1.058333333333333348e-01 3.816666666666666541e-01 1.799999999999999933e-01 3.325000000000000178e-01
3.991666666666666696e-01 4.499999999999999833e-02 2.758333333333333193e-01 2.800000000000000266e-01
1.916666666666666519e-02 5.091666666666666563e-01 3.875000000000000111e-01 8.416666666666666741e-02
3.524999999999999800e-01 2.158333333333333215e-01 3.466666666666666785e-01 8.500000000000000611e-02
3.400000000000000244e-01 4.199999999999999845e-01 2.666666666666666838e-02 2.133333333333333470e-01
4.949999999999999956e-01 2.641666666666666607e-01 5.916666666666666602e-02 1.816666666666666707e-01
5.583333333333333204e-02 7.058333333333333126e-01 1.600000000000000033e-01 7.833333333333333814e-02
3.925000000000000155e-01 1.858333333333333226e-01 2.966666666666666896e-01 1.250000000000000000e-01
1.641666666666666552e-01 3.175000000000000044e-01 9.666666666666666463e-02 4.216666666666666896e-01
1.191666666666666707e-01 5.833333333333333426e-02 2.241666666666666530e-01 5.983333333333333837e-01
7.133333333333333748e-01 1.308333333333333293e-01 6.333333333333333870e-02 9.249999999999999889e-02
4.616666666666666696e-01 1.666666666666666574e-01 3.416666666666666741e-01 2.999999999999999889e-02
5.116666666666667140e-01 2.491666666666666752e-01 1.224999999999999978e-01 1.166666666666666685e-01
5.750000000000000250e-02 1.700000000000000122e-01 7.358333333333333393e-01 3.666666666666666685e-02
4.025000000000000244e-01 2.700000000000000178e-01 2.758333333333333193e-01 5.166666666666666630e-02
3.975000000000000200e-01 1.758333333333333415e-01 8.666666666666666963e-02 3.400000000000000244e-01
1.091666666666666619e-01 2.424999999999999933e-01 5.249999999999999806e-02 5.958333333333333259e-01
2.399999999999999911e-01 7.083333333333333148e-02 5.124999999999999556e-01 1.766666666666666663e-01
1.658333333333333326e-01 2.316666666666666596e-01 2.949999999999999845e-01 3.074999999999999956e-01
1.625000000000000056e-01 3.783333333333333548e-01 1.799999999999999933e-01 2.791666666666666741e-01
