5.833333333333333426e-02 4.033333333333333215e-01 1.491666666666666696e-01 3.891666666666666607e-01
1.575000000000000011e-01 1.724999999999999867e-01 3.583333333333333370e-01 3.116666666666666474e-01
2.533333333333333548e-01 2.116666666666666696e-01 3.708333333333333481e-01 1.641666666666666552e-01
4.016666666666666718e-01 6.333333333333333870e-02 8.999999999999999667e-02 4.450000000000000067e-01
2.241666666666666530e-01 4.458333333333333592e-01 2.133333333333333470e-01 1.166666666666666685e-01
8.591666666666666341e-01 4.750000000000000056e-02 6.833333333333332926e-02 2.500000000000000139e-02
4.249999999999999889e-01 1.083333333333333370e-02 3.458333333333333259e-01 2.183333333333333237e-01
6.083333333333333648e-02 2.491666666666666752e-01 1.083333333333333370e-01 5.816666666666666652e-01
8.083333333333332649e-02 1.041666666666666713e-01 5.108333333333333615e-01 3.041666666666666408e-01
2.191666666666666763e-01 4.783333333333333326e-01 1.841666666666666730e-01 1.183333333333333320e-01
6.341666666666666563e-01 1.983333333333333337e-01 8.333333333333333218e-03 1.591666666666666785e-01
2.349999999999999867e-01 2.650000000000000133e-01 3.466666666666666785e-01 1.533333333333333215e-01
2.575000000000000067e-01 3.074999999999999956e-01 2.924999999999999822e-01 1.424999999999999878e-01
5.750000000000000250e-02 5.000000000000000278e-02 3.150000000000000022e-01 5.775000000000000133e-01
5.000000000000000104e-03 8.874999999999999556e-01 5.583333333333333204e-02 5.166666666666666630e-02
1.524999999999999967e-01 6.500000000000000222e-02 4.008333333333333193e-01 3.816666666666666541e-01
4.074999999999999734e-01 1.375000000000000111e-01 2.808333333333333237e-01 1.741666666666666641e-01
3.750000000000000000e-01 1.833333333333333204e-01 1.341666666666666563e-01 3.074999999999999956e-01
2.708333333333333148e-01 1.774999999999999911e-01 1.316666666666666541e-01 4.199999999999999845e-01
