5.383333333333333304e-01 3.283333333333333104e-01 1.183333333333333320e-01 1.499999999999999944e-02
2.833333333333333259e-01 2.183333333333333237e-01 3.024999999999999911e-01 1.958333333333333315e-01
3.474999999999999756e-01 9.083333333333333537e-02 2.891666666666666829e-01 2.725000000000000200e-01
5.524999999999999911e-01 2.016666666666666607e-01 1.975000000000000089e-01 4.833333333333333232e-02
6.208333333333333481e-01 1.533333333333333215e-01 9.249999999999999889e-02 1.333333333333333315e-01
4.383333333333333526e-01 2.591666666666666563e-01 2.675000000000000155e-01 3.500000000000000333e-02
9.166666666666666019e-02 4.250000000000000305e-02 8.258333333333333082e-01 4.000000000000000083e-02
1.433333333333333404e-01 1.216666666666666730e-01 2.491666666666666752e-01 4.858333333333333393e-01
6.333333333333333870e-02 4.841666666666666896e-01 5.416666666666666852e-02 3.983333333333333171e-01
4.650000000000000244e-01 3.524999999999999800e-01 1.508333333333333470e-01 3.166666666666666935e-02
6.750000000000000444e-02 2.766666666666666718e-01 3.674999999999999933e-01 2.883333333333333304e-01
1.866666666666666752e-01 2.008333333333333359e-01 3.591666666666666896e-01 2.533333333333333548e-01
3.833333333333333592e-01 1.666666666666666574e-01 1.883333333333333248e-01 2.616666666666666585e-01
2.625000000000000111e-01 1.983333333333333337e-01 7.833333333333333814e-02 4.608333333333333171e-01
4.000000000000000083e-02 3.649999999999999911e-01 5.108333333333333615e-01 8.416666666666666741e-02
9.333333333333333759e-02 2.708333333333333148e-01 1.383333333333333359e-01 4.974999999999999978e-01
1.116666666666666641e-01 3.033333333333333437e-01 4.808333333333333348e-01 1.041666666666666713e-01
2.049999999999999878e-01 5.583333333333333204e-02 7.083333333333333148e-02 6.683333333333333348e-01
1.466666666666666674e-01 5.141666666666666607e-01 1.583333333333333467e-02 3.233333333333333059e-01
3.200000000000000067e-01 1.749999999999999889e-01 2.891666666666666829e-01 2.158333333333333215e-01
5.200000000000000178e-01 9.583333333333333981e-02 1.875000000000000000e-01 1.966666666666666563e-01
