5.258333333333333748e-01 2.783333333333333215e-01 9.583333333333333981e-02 1.000000000000000056e-01
9.750000000000000333e-02 2.291666666666666574e-01 4.208333333333333370e-01 2.525000000000000022e-01
1.541666666666666741e-01 4.774999999999999800e-01 1.033333333333333326e-01 2.650000000000000133e-01
2.949999999999999845e-01 1.883333333333333248e-01 8.666666666666666963e-02 4.299999999999999933e-01
7.449999999999999956e-01 2.500000000000000052e-03 8.500000000000000611e-02 1.675000000000000100e-01
2.800000000000000266e-01 2.583333333333333315e-02 6.075000000000000400e-01 8.666666666666666963e-02
2.183333333333333237e-01 2.449999999999999956e-01 4.491666666666666585e-01 8.749999999999999445e-02
2.949999999999999845e-01 4.916666666666666408e-02 3.099999999999999978e-01 3.458333333333333259e-01
1.933333333333333293e-01 9.583333333333333981e-02 4.675000000000000266e-01 2.433333333333333459e-01
5.458333333333332815e-01 1.891666666666666774e-01 1.683333333333333348e-01 9.666666666666666463e-02
1.083333333333333370e-01 1.216666666666666730e-01 5.000000000000000278e-02 7.199999999999999734e-01
2.316666666666666596e-01 7.416666666666667240e-02 4.041666666666666741e-01 2.899999999999999800e-01
1.125000000000000028e-01 3.083333333333333481e-01 2.891666666666666829e-01 2.899999999999999800e-01
2.083333333333333218e-02 8.516666666666666829e-01 9.416666666666666241e-02 3.333333333333333287e-02
2.566666666666666541e-01 2.116666666666666696e-01 3.183333333333333570e-01 2.133333333333333470e-01
4.349999999999999978e-01 1.541666666666666741e-01 1.641666666666666552e-01 2.466666666666666730e-01
7.499999999999999722e-02 5.949999999999999734e-01 1.883333333333333248e-01 1.416666666666666630e-01
3.641666666666666941e-01 5.333333333333333676e-02 4.124999999999999778e-01 1.700000000000000122e-01
