1.483333333333333448e-01 5.500000000000000028e-02 2.249999999999999917e-02 7.741666666666666696e-01
1.875000000000000000e-01 5.791666666666667185e-01 6.416666666666666352e-02 1.691666666666666596e-01
2.525000000000000022e-01 3.441666666666666763e-01 3.133333333333333526e-01 8.999999999999999667e-02
6.666666666666667095e-03 2.591666666666666563e-01 3.208333333333333592e-01 4.133333333333333304e-01
7.000000000000000666e-02 4.383333333333333526e-01 1.300000000000000044e-01 3.616666666666666918e-01
3.533333333333333326e-01 3.666666666666666408e-01 2.108333333333333448e-01 6.916666666666666796e-02
2.083333333333333426e-01 4.025000000000000244e-01 1.100000000000000006e-01 2.791666666666666741e-01
4.750000000000000056e-02 2.258333333333333304e-01 3.666666666666666408e-01 3.599999999999999867e-01
4.091666666666666785e-01 2.099999999999999922e-01 2.341666666666666619e-01 1.466666666666666674e-01
1.633333333333333304e-01 4.858333333333333393e-01 6.500000000000000222e-02 2.858333333333333282e-01
4.508333333333333082e-01 1.791666666666666685e-01 1.041666666666666713e-01 2.658333333333333104e-01
4.041666666666666741e-01 8.583333333333333093e-02 2.316666666666666596e-01 2.783333333333333215e-01
4.608333333333333171e-01 2.966666666666666896e-01 1.875000000000000000e-01 5.500000000000000028e-02
7.499999999999999722e-03 3.441666666666666763e-01 3.875000000000000111e-01 2.608333333333333059e-01
6.166666666666666824e-02 5.500000000000000028e-02 5.091666666666666563e-01 3.741666666666666474e-01
3.541666666666666852e-01 9.666666666666666463e-02 3.258333333333333082e-01 2.233333333333333282e-01
2.341666666666666619e-01 3.433333333333333237e-01 2.366666666666666641e-01 1.858333333333333226e-01
3.108333333333333504e-01 5.400000000000000355e-01 7.000000000000000666e-02 7.916666666666666297e-02
1.616666666666666530e-01 5.833333333333333599e-03 6.366666666666667140e-01 1.958333333333333315e-01
8.416666666666666741e-02 5.116666666666667140e-01 3.883333333333333082e-01 1.583333333333333467e-02
