2.500000000000000052e-03 9.083333333333333537e-02 5.416666666666666852e-02 8.525000000000000355e-01
9.833333333333332815e-02 4.783333333333333326e-01 2.700000000000000178e-01 1.533333333333333215e-01
1.491666666666666696e-01 6.816666666666666430e-01 3.833333333333333037e-02 1.308333333333333293e-01
6.250000000000000000e-02 4.349999999999999978e-01 1.375000000000000111e-01 3.649999999999999911e-01
3.333333333333333148e-01 5.000000000000000104e-03 1.816666666666666707e-01 4.799999999999999822e-01
1.241666666666666613e-01 4.533333333333333104e-01 2.625000000000000111e-01 1.600000000000000033e-01
1.033333333333333326e-01 3.183333333333333570e-01 1.049999999999999961e-01 4.733333333333333282e-01
3.883333333333333082e-01 3.916666666666666907e-02 2.791666666666666741e-01 2.933333333333333348e-01
1.616666666666666530e-01 1.250000000000000000e-01 4.166666666666666852e-01 2.966666666666666896e-01
2.741666666666666696e-01 1.283333333333333270e-01 9.083333333333333537e-02 5.066666666666667096e-01
8.333333333333332871e-02 1.291666666666666796e-01 1.174999999999999933e-01 6.700000000000000400e-01
1.975000000000000089e-01 2.908333333333333326e-01 3.099999999999999978e-01 2.016666666666666607e-01
7.166666666666667018e-02 5.274999999999999689e-01 3.783333333333333548e-01 2.249999999999999917e-02
1.958333333333333315e-01 2.700000000000000178e-01 2.283333333333333326e-01 3.058333333333333459e-01
8.583333333333333093e-02 2.466666666666666730e-01 1.533333333333333215e-01 5.141666666666666607e-01
2.191666666666666763e-01 7.749999999999999944e-02 2.608333333333333059e-01 4.425000000000000044e-01
5.441666666666666874e-01 1.100000000000000006e-01 2.124999999999999944e-01 1.333333333333333315e-01
4.116666666666666807e-01 2.824999999999999734e-01 1.449999999999999900e-01 1.608333333333333282e-01
3.908333333333333104e-01 4.475000000000000089e-01 7.166666666666667018e-02 8.999999999999999667e-02
