1.799999999999999933e-01 9.333333333333333759e-02 7.091666666666666119e-01 1.750000000000000167e-02
1.758333333333333415e-01 6.750000000000000444e-02 2.858333333333333282e-01 4.708333333333333259e-01
5.916666666666666602e-02 2.899999999999999800e-01 1.891666666666666774e-01 4.616666666666666696e-01
2.225000000000000033e-01 2.833333333333333190e-02 3.750000000000000000e-01 3.741666666666666474e-01
5.550000000000000488e-01 1.975000000000000089e-01 6.916666666666666796e-02 1.783333333333333437e-01
1.224999999999999978e-01 3.908333333333333104e-01 4.308333333333333459e-01 5.583333333333333204e-02
4.274999999999999911e-01 8.583333333333333093e-02 1.875000000000000000e-01 2.991666666666666918e-01
2.583333333333333592e-01 2.399999999999999911e-01 5.666666666666666380e-02 4.450000000000000067e-01
3.074999999999999956e-01 7.416666666666667240e-02 4.241666666666666918e-01 1.941666666666666541e-01
4.199999999999999845e-01 2.416666666666666685e-01 2.999999999999999889e-02 3.083333333333333481e-01
3.758333333333333526e-01 2.583333333333333315e-02 4.233333333333333393e-01 1.749999999999999889e-01
2.991666666666666918e-01 8.000000000000000167e-02 1.166666666666666685e-01 5.041666666666666519e-01
6.833333333333332926e-02 5.374999999999999778e-01 9.416666666666666241e-02 2.999999999999999889e-01
3.008333333333333415e-01 2.958333333333333370e-01 1.716666666666666619e-01 2.316666666666666596e-01
4.783333333333333326e-01 2.000000000000000111e-01 2.308333333333333348e-01 9.083333333333333537e-02
6.500000000000000222e-01 1.233333333333333365e-01 4.250000000000000305e-02 1.841666666666666730e-01
5.749999999999999556e-01 1.391666666666666607e-01 1.316666666666666541e-01 1.541666666666666741e-01
4.083333333333333259e-01 4.949999999999999956e-01 8.833333333333333315e-02 8.333333333333333218e-03
2.325000000000000122e-01 1.083333333333333370e-01 2.591666666666666563e-01 4.000000000000000222e-01
2.675000000000000155e-01 2.775000000000000244e-01 3.991666666666666696e-01 5.583333333333333204e-02
6.250000000000000000e-02 2.725000000000000200e-01 3.499999999999999778e-01 3.150000000000000022e-01
4.849999999999999867e-01 3.674999999999999933e-01 5.083333333333333454e-02 9.666666666666666463e-02
