1.666666666666666644e-02 3.425000000000000266e-01 5.266666666666666163e-01 1.141666666666666663e-01
1.458333333333333426e-01 5.274999999999999689e-01 1.933333333333333293e-01 1.333333333333333315e-01
2.533333333333333548e-01 4.199999999999999845e-01 2.583333333333333592e-01 6.833333333333332926e-02
2.225000000000000033e-01 3.708333333333333481e-01 1.783333333333333437e-01 2.283333333333333326e-01
1.308333333333333293e-01 4.166666666666666435e-02 3.350000000000000200e-01 4.924999999999999933e-01
4.083333333333333259e-02 1.675000000000000100e-01 7.000000000000000666e-02 7.216666666666666785e-01
7.499999999999999722e-02 6.083333333333332815e-01 1.516666666666666718e-01 1.650000000000000078e-01
3.416666666666666741e-01 1.024999999999999939e-01 3.208333333333333592e-01 2.349999999999999867e-01
6.583333333333332704e-02 7.049999999999999600e-01 3.416666666666666463e-02 1.950000000000000067e-01
1.166666666666666720e-02 3.983333333333333171e-01 3.508333333333333304e-01 2.391666666666666663e-01
9.750000000000000333e-02 1.508333333333333470e-01 6.416666666666667185e-01 1.100000000000000006e-01
1.941666666666666541e-01 3.500000000000000333e-02 1.933333333333333293e-01 5.775000000000000133e-01
4.025000000000000244e-01 2.308333333333333348e-01 2.449999999999999956e-01 1.216666666666666730e-01
4.183333333333333348e-01 3.275000000000000133e-01 2.333333333333333440e-02 2.308333333333333348e-01
5.083333333333333454e-02 5.341666666666666785e-01 1.125000000000000028e-01 3.024999999999999911e-01
5.583333333333333204e-02 3.991666666666666696e-01 2.316666666666666596e-01 3.133333333333333526e-01
2.516666666666666496e-01 1.325000000000000067e-01 3.200000000000000067e-01 2.958333333333333370e-01
8.666666666666666963e-02 3.866666666666666585e-01 3.074999999999999956e-01 2.191666666666666763e-01
2.916666666666666852e-01 2.625000000000000111e-01 1.483333333333333448e-01 2.974999999999999867e-01
4.583333333333333010e-02 6.333333333333333870e-02 5.458333333333332815e-01 3.449999999999999734e-01
3.916666666666666630e-01 3.458333333333333259e-01 2.000000000000000111e-01 6.250000000000000000e-02
3.599999999999999867e-01 2.408333333333333437e-01 2.133333333333333470e-01 1.858333333333333226e-01
2.708333333333333148e-01 7.583333333333333592e-02 3.308333333333333126e-01 3.225000000000000089e-01
