1.208333333333333343e-01 5.033333333333332993e-01 5.000000000000000104e-03 3.708333333333333481e-01
2.433333333333333459e-01 4.000000000000000222e-01 4.000000000000000083e-02 3.166666666666666519e-01
1.908333333333333270e-01 1.024999999999999939e-01 4.650000000000000244e-01 2.416666666666666685e-01
4.841666666666666896e-01 2.941666666666666874e-01 6.166666666666666824e-02 1.600000000000000033e-01
2.000000000000000042e-02 7.508333333333333526e-01 1.724999999999999867e-01 5.666666666666666380e-02
8.916666666666667185e-02 5.016666666666667052e-01 2.616666666666666585e-01 1.474999999999999922e-01
2.866666666666666807e-01 1.716666666666666619e-01 3.549999999999999822e-01 1.866666666666666752e-01
3.500000000000000333e-02 4.791666666666666852e-01 2.000000000000000111e-01 2.858333333333333282e-01
2.908333333333333326e-01 3.816666666666666541e-01 1.675000000000000100e-01 1.600000000000000033e-01
4.124999999999999778e-01 3.925000000000000155e-01 8.083333333333332649e-02 1.141666666666666663e-01
3.433333333333333237e-01 3.916666666666666630e-01 1.774999999999999911e-01 8.749999999999999445e-02
1.224999999999999978e-01 2.008333333333333359e-01 4.108333333333333282e-01 2.658333333333333104e-01
5.699999999999999512e-01 1.350000000000000089e-01 8.916666666666667185e-02 2.058333333333333404e-01
2.600000000000000089e-01 5.833333333333333426e-02 8.833333333333333315e-02 5.933333333333333792e-01
3.333333333333333148e-01 2.049999999999999878e-01 1.741666666666666641e-01 2.874999999999999778e-01
6.166666666666666824e-02 9.916666666666666685e-02 3.074999999999999956e-01 5.316666666666666208e-01
2.683333333333333126e-01 1.908333333333333270e-01 4.483333333333333059e-01 9.249999999999999889e-02
2.233333333333333282e-01 2.058333333333333404e-01 2.766666666666666718e-01 2.941666666666666874e-01
2.566666666666666541e-01 1.133333333333333276e-01 5.750000000000000250e-02 5.725000000000000089e-01
3.825000000000000067e-01 1.875000000000000000e-01 5.333333333333333676e-02 3.766666666666666496e-01
3.833333333333333037e-02 6.416666666666666352e-02 3.866666666666666585e-01 5.108333333333333615e-01
