2.333333333333333440e-02 8.916666666666667185e-02 2.775000000000000244e-01 6.099999999999999867e-01
4.483333333333333059e-01 1.683333333333333348e-01 1.366666666666666585e-01 2.466666666666666730e-01
1.199999999999999956e-01 1.733333333333333393e-01 2.241666666666666530e-01 4.824999999999999845e-01
3.750000000000000000e-01 3.641666666666666941e-01 1.016666666666666691e-01 1.591666666666666785e-01
1.650000000000000078e-01 2.025000000000000133e-01 5.483333333333333393e-01 8.416666666666666741e-02
1.233333333333333365e-01 4.124999999999999778e-01 2.725000000000000200e-01 1.916666666666666796e-01
2.074999999999999900e-01 1.041666666666666713e-01 5.158333333333333659e-01 1.724999999999999867e-01
2.441666666666666707e-01 2.833333333333333259e-01 2.941666666666666874e-01 1.783333333333333437e-01
5.000000000000000278e-02 6.558333333333333792e-01 2.016666666666666607e-01 9.249999999999999889e-02
3.608333333333333393e-01 2.974999999999999867e-01 2.374999999999999889e-01 1.041666666666666713e-01
1.400000000000000133e-01 5.966666666666666785e-01 1.116666666666666641e-01 1.516666666666666718e-01
9.833333333333332815e-02 2.341666666666666619e-01 1.400000000000000133e-01 5.274999999999999689e-01
1.625000000000000056e-01 7.249999999999999500e-02 5.100000000000000089e-01 2.550000000000000044e-01
2.541666666666666519e-01 6.308333333333333570e-01 3.083333333333333412e-02 8.416666666666666741e-02
5.083333333333333454e-02 2.616666666666666585e-01 2.416666666666666616e-02 6.633333333333333304e-01
2.500000000000000139e-02 4.483333333333333059e-01 3.408333333333333215e-01 1.858333333333333226e-01
2.333333333333333440e-02 2.191666666666666763e-01 3.133333333333333526e-01 4.441666666666666541e-01
1.341666666666666563e-01 3.516666666666666829e-01 2.575000000000000067e-01 2.566666666666666541e-01
1.700000000000000122e-01 2.683333333333333126e-01 2.008333333333333359e-01 3.608333333333333393e-01
3.166666666666666935e-02 1.224999999999999978e-01 5.358333333333333837e-01 3.099999999999999978e-01
2.424999999999999933e-01 5.816666666666666652e-01 4.000000000000000083e-02 1.358333333333333337e-01
