6.975000000000000089e-01 9.500000000000000111e-02 1.125000000000000028e-01 9.500000000000000111e-02
1.666666666666666574e-01 1.224999999999999978e-01 6.033333333333333881e-01 1.074999999999999983e-01
7.333333333333333370e-02 5.833333333333333426e-02 4.666666666666666879e-02 8.216666666666666563e-01
1.816666666666666707e-01 2.174999999999999989e-01 3.941666666666666652e-01 2.066666666666666652e-01
2.074999999999999900e-01 4.091666666666666785e-01 1.991666666666666585e-01 1.841666666666666730e-01
7.158333333333333215e-01 9.083333333333333537e-02 7.666666666666666075e-02 1.166666666666666685e-01
7.924999999999999822e-01 8.500000000000000611e-02 6.416666666666666352e-02 5.833333333333333426e-02
1.191666666666666707e-01 6.783333333333333437e-01 9.666666666666666463e-02 1.058333333333333348e-01
9.333333333333333759e-02 1.074999999999999983e-01 7.125000000000000222e-01 8.666666666666666963e-02
1.833333333333333204e-01 1.408333333333333381e-01 4.783333333333333326e-01 1.975000000000000089e-01
1.033333333333333326e-01 6.216666666666667007e-01 1.275000000000000022e-01 1.474999999999999922e-01
2.108333333333333448e-01 3.616666666666666918e-01 2.016666666666666607e-01 2.258333333333333304e-01
7.716666666666666119e-01 8.250000000000000389e-02 9.666666666666666463e-02 4.916666666666666408e-02
2.083333333333333426e-01 1.799999999999999933e-01 4.033333333333333215e-01 2.083333333333333426e-01
1.258333333333333248e-01 1.558333333333333237e-01 5.408333333333333881e-01 1.774999999999999911e-01
1.675000000000000100e-01 3.699999999999999956e-01 2.225000000000000033e-01 2.399999999999999911e-01
1.150000000000000050e-01 1.633333333333333304e-01 1.391666666666666607e-01 5.825000000000000178e-01
5.316666666666666208e-01 1.766666666666666663e-01 1.291666666666666796e-01 1.625000000000000056e-01
9.416666666666666241e-02 6.374999999999999556e-01 1.300000000000000044e-01 1.383333333333333359e-01
1.250000000000000000e-01 6.891666666666667052e-01 1.300000000000000044e-01 5.583333333333333204e-02
6.641666666666666829e-01 1.316666666666666541e-01 8.749999999999999445e-02 1.166666666666666685e-01
