1.908333333333333270e-01 2.416666666666666616e-02 2.308333333333333348e-01 5.541666666666666963e-01
1.250000000000000000e-01 6.175000000000000488e-01 7.499999999999999722e-02 1.824999999999999956e-01
4.808333333333333348e-01 3.291666666666666630e-01 1.066666666666666735e-01 8.333333333333332871e-02
6.108333333333333393e-01 6.750000000000000444e-02 1.716666666666666619e-01 1.499999999999999944e-01
3.008333333333333415e-01 6.166666666666666824e-02 2.308333333333333348e-01 4.066666666666666763e-01
2.266666666666666552e-01 2.200000000000000011e-01 4.500000000000000111e-01 1.033333333333333326e-01
2.841666666666666785e-01 1.083333333333333370e-01 1.300000000000000044e-01 4.774999999999999800e-01
4.233333333333333393e-01 6.583333333333332704e-02 1.658333333333333326e-01 3.449999999999999734e-01
1.150000000000000050e-01 3.950000000000000178e-01 3.166666666666666519e-01 1.733333333333333393e-01
1.174999999999999933e-01 9.750000000000000333e-02 3.016666666666666941e-01 4.833333333333333370e-01
3.491666666666666807e-01 3.283333333333333104e-01 2.808333333333333237e-01 4.166666666666666435e-02
1.891666666666666774e-01 7.333333333333333370e-02 5.658333333333332993e-01 1.716666666666666619e-01
1.083333333333333370e-02 6.858333333333332948e-01 1.100000000000000006e-01 1.933333333333333293e-01
3.300000000000000155e-01 1.975000000000000089e-01 1.724999999999999867e-01 2.999999999999999889e-01
1.391666666666666607e-01 1.849999999999999978e-01 1.166666666666666685e-01 5.591666666666667007e-01
4.499999999999999833e-02 1.033333333333333326e-01 2.891666666666666829e-01 5.625000000000000000e-01
7.083333333333333148e-02 2.291666666666666574e-01 2.141666666666666718e-01 4.858333333333333393e-01
1.900000000000000022e-01 5.808333333333333126e-01 2.066666666666666652e-01 2.249999999999999917e-02
5.675000000000000044e-01 1.074999999999999983e-01 2.491666666666666752e-01 7.583333333333333592e-02
4.149999999999999800e-01 2.516666666666666496e-01 2.516666666666666496e-01 8.166666666666666519e-02
1.391666666666666607e-01 4.916666666666666408e-01 3.216666666666666563e-01 4.750000000000000056e-02
