5.716666666666666563e-01 4.750000000000000056e-02 3.058333333333333459e-01 7.499999999999999722e-02
8.250000000000000389e-02 2.733333333333333171e-01 4.066666666666666763e-01 2.374999999999999889e-01
4.874999999999999889e-01 1.283333333333333270e-01 2.833333333333333259e-01 1.008333333333333304e-01
2.791666666666666741e-01 3.733333333333333504e-01 3.074999999999999956e-01 4.000000000000000083e-02
2.025000000000000133e-01 2.283333333333333326e-01 3.791666666666666519e-01 1.900000000000000022e-01
1.833333333333333343e-02 6.583333333333332704e-02 7.958333333333332815e-01 1.199999999999999956e-01
4.666666666666666741e-01 2.158333333333333215e-01 2.333333333333333370e-01 8.416666666666666741e-02
2.416666666666666616e-02 4.666666666666666879e-02 6.191666666666666430e-01 3.099999999999999978e-01
2.225000000000000033e-01 6.075000000000000400e-01 1.325000000000000067e-01 3.749999999999999861e-02
2.491666666666666752e-01 2.816666666666666763e-01 3.008333333333333415e-01 1.683333333333333348e-01
2.349999999999999867e-01 1.933333333333333293e-01 4.058333333333333237e-01 1.658333333333333326e-01
7.583333333333333592e-02 2.500000000000000139e-02 7.216666666666666785e-01 1.774999999999999911e-01
1.849999999999999978e-01 4.699999999999999734e-01 1.241666666666666613e-01 2.208333333333333259e-01
9.666666666666666463e-02 5.583333333333333204e-02 5.316666666666666208e-01 3.158333333333333548e-01
1.224999999999999978e-01 5.866666666666666696e-01 1.258333333333333248e-01 1.650000000000000078e-01
9.333333333333333759e-02 3.441666666666666763e-01 1.583333333333333259e-01 4.041666666666666741e-01
