1.074999999999999983e-01 5.500000000000000028e-02 5.658333333333332993e-01 2.716666666666666674e-01
3.058333333333333459e-01 3.591666666666666896e-01 1.191666666666666707e-01 2.158333333333333215e-01
6.791666666666666963e-01 7.749999999999999944e-02 1.616666666666666530e-01 8.166666666666666519e-02
9.750000000000000333e-02 2.516666666666666496e-01 1.424999999999999878e-01 5.083333333333333037e-01
3.608333333333333393e-01 4.533333333333333104e-01 1.675000000000000100e-01 1.833333333333333343e-02
2.650000000000000133e-01 1.391666666666666607e-01 1.233333333333333365e-01 4.724999999999999756e-01
1.700000000000000122e-01 1.433333333333333404e-01 8.999999999999999667e-02 5.966666666666666785e-01
6.133333333333332860e-01 1.083333333333333370e-01 2.566666666666666541e-01 2.166666666666666741e-02
1.024999999999999939e-01 1.733333333333333393e-01 2.700000000000000178e-01 4.541666666666666630e-01
2.483333333333333226e-01 4.416666666666666657e-02 2.908333333333333326e-01 4.166666666666666852e-01
1.608333333333333282e-01 3.333333333333333148e-01 1.916666666666666796e-01 3.141666666666666496e-01
8.833333333333333315e-02 3.058333333333333459e-01 2.849999999999999756e-01 3.208333333333333592e-01
1.933333333333333293e-01 2.708333333333333148e-01 2.358333333333333393e-01 2.999999999999999889e-01
4.750000000000000056e-02 1.466666666666666674e-01 7.349999999999999867e-01 7.083333333333333148e-02
3.658333333333333437e-01 6.750000000000000444e-02 2.733333333333333171e-01 2.933333333333333348e-01
6.333333333333333870e-02 2.808333333333333237e-01 4.658333333333333215e-01 1.900000000000000022e-01
3.566666666666666874e-01 1.308333333333333293e-01 1.516666666666666718e-01 3.608333333333333393e-01
3.341666666666666674e-01 2.424999999999999933e-01 1.350000000000000089e-01 2.883333333333333304e-01
2.858333333333333282e-01 3.916666666666666907e-02 3.258333333333333082e-01 3.491666666666666807e-01
7.666666666666666075e-02 4.933333333333333459e-01 1.783333333333333437e-01 2.516666666666666496e-01
1.549999999999999989e-01 1.016666666666666691e-01 6.533333333333333215e-01 8.999999999999999667e-02
4.041666666666666741e-01 3.891666666666666607e-01 1.266666666666666774e-01 8.000000000000000167e-02
