2.625000000000000111e-01 8.833333333333333315e-02 3.250000000000000111e-02 6.166666666666666963e-01
3.141666666666666496e-01 1.166666666666666720e-02 6.049999999999999822e-01 6.916666666666666796e-02
4.749999999999999778e-01 2.325000000000000122e-01 6.166666666666666824e-02 2.308333333333333348e-01
2.874999999999999778e-01 1.216666666666666730e-01 1.233333333333333365e-01 4.675000000000000266e-01
2.391666666666666663e-01 1.783333333333333437e-01 1.608333333333333282e-01 4.216666666666666896e-01
1.716666666666666619e-01 1.141666666666666663e-01 3.508333333333333304e-01 3.633333333333333415e-01
2.008333333333333359e-01 5.083333333333333454e-02 1.308333333333333293e-01 6.175000000000000488e-01
2.766666666666666718e-01 3.541666666666666852e-01 7.916666666666666297e-02 2.899999999999999800e-01
6.166666666666666963e-01 1.625000000000000056e-01 2.000000000000000042e-02 2.008333333333333359e-01
3.116666666666666474e-01 1.208333333333333343e-01 2.049999999999999878e-01 3.624999999999999889e-01
1.441666666666666652e-01 5.608333333333332948e-01 2.916666666666666713e-02 2.658333333333333104e-01
1.058333333333333348e-01 7.041666666666667185e-01 4.750000000000000056e-02 1.424999999999999878e-01
2.166666666666666741e-01 9.166666666666666019e-02 3.066666666666666430e-01 3.850000000000000089e-01
1.391666666666666607e-01 1.024999999999999939e-01 5.749999999999999556e-01 1.833333333333333204e-01
5.641666666666667052e-01 6.083333333333333648e-02 3.458333333333333259e-01 2.916666666666666713e-02
1.375000000000000111e-01 1.074999999999999983e-01 3.350000000000000200e-01 4.199999999999999845e-01
2.325000000000000122e-01 2.833333333333333190e-02 3.966666666666666674e-01 3.425000000000000266e-01
1.458333333333333426e-01 4.366666666666666474e-01 3.841666666666666563e-01 3.333333333333333287e-02
