9.500000000000000111e-02 2.974999999999999867e-01 1.416666666666666595e-02 5.933333333333333792e-01
6.500000000000000222e-02 2.358333333333333393e-01 2.266666666666666552e-01 4.724999999999999756e-01
4.666666666666666879e-02 5.116666666666667140e-01 4.166666666666666435e-02 4.000000000000000222e-01
3.325000000000000178e-01 9.166666666666666019e-02 5.124999999999999556e-01 6.333333333333333870e-02
2.025000000000000133e-01 2.691666666666666652e-01 1.675000000000000100e-01 3.608333333333333393e-01
1.700000000000000122e-01 2.675000000000000155e-01 3.116666666666666474e-01 2.508333333333333526e-01
8.333333333333332871e-02 1.666666666666666574e-01 5.833333333333333426e-02 6.916666666666666519e-01
1.824999999999999956e-01 2.949999999999999845e-01 2.558333333333333570e-01 2.666666666666666630e-01
3.933333333333333126e-01 1.241666666666666613e-01 3.491666666666666807e-01 1.333333333333333315e-01
5.041666666666666519e-01 2.508333333333333526e-01 1.158333333333333298e-01 1.291666666666666796e-01
1.908333333333333270e-01 8.250000000000000389e-02 2.291666666666666574e-01 4.974999999999999978e-01
4.341666666666666452e-01 3.616666666666666918e-01 1.499999999999999944e-01 5.416666666666666852e-02
1.091666666666666619e-01 5.758333333333333082e-01 2.533333333333333548e-01 6.166666666666666824e-02
7.249999999999999500e-02 2.333333333333333370e-01 6.708333333333332815e-01 2.333333333333333440e-02
6.250000000000000000e-01 1.108333333333333393e-01 5.166666666666666630e-02 2.124999999999999944e-01
6.583333333333332704e-02 6.408333333333333659e-01 6.666666666666667095e-03 2.866666666666666807e-01
