1.958333333333333315e-01 9.500000000000000111e-02 5.166666666666666630e-02 6.574999999999999734e-01
5.050000000000000044e-01 1.424999999999999878e-01 1.066666666666666735e-01 2.458333333333333204e-01
5.566666666666666430e-01 3.191666666666666541e-01 2.999999999999999889e-02 9.416666666666666241e-02
7.583333333333333592e-02 5.249999999999999806e-02 7.808333333333333792e-01 9.083333333333333537e-02
9.833333333333332815e-02 1.108333333333333393e-01 6.333333333333333870e-02 7.275000000000000355e-01
8.583333333333333093e-02 3.474999999999999756e-01 1.691666666666666596e-01 3.975000000000000200e-01
3.416666666666666463e-02 5.000000000000000000e-01 8.333333333333332871e-02 3.825000000000000067e-01
5.750000000000000250e-02 2.883333333333333304e-01 3.641666666666666941e-01 2.899999999999999800e-01
2.974999999999999867e-01 1.241666666666666613e-01 2.383333333333333415e-01 3.400000000000000244e-01
5.333333333333333676e-02 1.166666666666666685e-01 5.374999999999999778e-01 2.924999999999999822e-01
5.224999999999999645e-01 1.275000000000000022e-01 2.308333333333333348e-01 1.191666666666666707e-01
7.416666666666667240e-02 2.091666666666666674e-01 3.266666666666666607e-01 3.900000000000000133e-01
1.675000000000000100e-01 4.000000000000000222e-01 7.499999999999999722e-03 4.249999999999999889e-01
3.325000000000000178e-01 9.083333333333333537e-02 3.108333333333333504e-01 2.658333333333333104e-01
2.241666666666666530e-01 2.449999999999999956e-01 2.216666666666666785e-01 3.091666666666666452e-01
3.049999999999999933e-01 1.849999999999999978e-01 1.141666666666666663e-01 3.958333333333333148e-01
2.708333333333333148e-01 2.958333333333333370e-01 2.675000000000000155e-01 1.658333333333333326e-01
1.833333333333333204e-01 4.299999999999999933e-01 1.400000000000000133e-01 2.466666666666666730e-01
9.500000000000000111e-02 3.133333333333333526e-01 4.316666666666666430e-01 1.600000000000000033e-01
1.024999999999999939e-01 1.916666666666666796e-01 4.066666666666666763e-01 2.991666666666666918e-01
3.666666666666666685e-02 1.749999999999999889e-01 4.691666666666666763e-01 3.191666666666666541e-01
