5.141666666666666607e-01 5.333333333333333676e-02 3.341666666666666674e-01 9.833333333333332815e-02
4.716666666666666785e-01 1.283333333333333270e-01 3.541666666666666852e-01 4.583333333333333010e-02
4.499999999999999833e-02 2.250000000000000056e-01 6.274999999999999467e-01 1.024999999999999939e-01
9.416666666666666241e-02 4.199999999999999845e-01 8.999999999999999667e-02 3.958333333333333148e-01
3.449999999999999734e-01 7.499999999999999722e-02 4.824999999999999845e-01 9.750000000000000333e-02
8.191666666666667096e-01 2.500000000000000052e-03 5.833333333333333426e-02 1.199999999999999956e-01
2.383333333333333415e-01 4.166666666666666435e-02 1.841666666666666730e-01 5.358333333333333837e-01
2.608333333333333059e-01 1.291666666666666796e-01 3.325000000000000178e-01 2.775000000000000244e-01
1.958333333333333315e-01 8.166666666666666519e-02 2.083333333333333218e-02 7.016666666666666607e-01
2.516666666666666496e-01 3.508333333333333304e-01 2.658333333333333104e-01 1.316666666666666541e-01
1.866666666666666752e-01 2.758333333333333193e-01 3.441666666666666763e-01 1.933333333333333293e-01
2.583333333333333592e-01 4.299999999999999933e-01 2.466666666666666730e-01 6.500000000000000222e-02
9.500000000000000111e-02 8.916666666666667185e-02 6.916666666666666519e-01 1.241666666666666613e-01
2.458333333333333204e-01 3.508333333333333304e-01 1.333333333333333315e-01 2.700000000000000178e-01
1.141666666666666663e-01 5.074999999999999512e-01 1.366666666666666585e-01 2.416666666666666685e-01
4.550000000000000155e-01 5.999999999999999778e-02 2.999999999999999889e-01 1.849999999999999978e-01
2.625000000000000111e-01 1.799999999999999933e-01 1.833333333333333204e-01 3.741666666666666474e-01
2.408333333333333437e-01 8.999999999999999667e-02 2.858333333333333282e-01 3.833333333333333592e-01
4.516666666666666607e-01 3.425000000000000266e-01 1.458333333333333426e-01 5.999999999999999778e-02
5.166666666666666630e-02 3.316666666666666652e-01 1.325000000000000067e-01 4.841666666666666896e-01
