5.266666666666666163e-01 2.750000000000000014e-02 3.583333333333333509e-02 4.099999999999999756e-01
1.658333333333333326e-01 3.891666666666666607e-01 1.783333333333333437e-01 2.666666666666666630e-01
1.174999999999999933e-01 6.750000000000000444e-02 4.324999999999999956e-01 3.825000000000000067e-01
5.574999999999999956e-01 2.291666666666666574e-01 3.500000000000000333e-02 1.783333333333333437e-01
4.316666666666666430e-01 1.483333333333333448e-01 5.916666666666666602e-02 3.608333333333333393e-01
1.366666666666666585e-01 3.250000000000000111e-02 2.958333333333333370e-01 5.350000000000000311e-01
1.558333333333333237e-01 4.391666666666666496e-01 1.516666666666666718e-01 2.533333333333333548e-01
2.858333333333333282e-01 4.133333333333333304e-01 2.858333333333333282e-01 1.499999999999999944e-02
4.833333333333333370e-01 1.049999999999999961e-01 2.791666666666666741e-01 1.325000000000000067e-01
2.966666666666666896e-01 2.341666666666666619e-01 2.625000000000000111e-01 2.066666666666666652e-01
2.999999999999999889e-01 1.391666666666666607e-01 5.750000000000000250e-02 5.033333333333332993e-01
4.391666666666666496e-01 4.116666666666666807e-01 1.291666666666666796e-01 2.000000000000000042e-02
6.250000000000000000e-01 2.099999999999999922e-01 1.174999999999999933e-01 4.750000000000000056e-02
1.833333333333333343e-02 6.116666666666666918e-01 2.275000000000000078e-01 1.424999999999999878e-01
1.458333333333333426e-01 2.458333333333333204e-01 9.666666666666666463e-02 5.116666666666667140e-01
4.783333333333333326e-01 2.333333333333333440e-02 3.549999999999999822e-01 1.433333333333333404e-01
1.916666666666666519e-02 3.925000000000000155e-01 3.516666666666666829e-01 2.366666666666666641e-01
2.366666666666666641e-01 2.241666666666666530e-01 4.491666666666666585e-01 8.999999999999999667e-02
7.000000000000000666e-02 3.391666666666666718e-01 2.575000000000000067e-01 3.333333333333333148e-01
1.066666666666666735e-01 5.500000000000000444e-01 2.558333333333333570e-01 8.749999999999999445e-02
2.458333333333333204e-01 1.366666666666666585e-01 3.716666666666666452e-01 2.458333333333333204e-01
2.474999999999999978e-01 1.108333333333333393e-01 5.791666666666667185e-01 6.250000000000000000e-02
