6.483333333333333171e-01 1.625000000000000056e-01 1.549999999999999989e-01 3.416666666666666463e-02
1.391666666666666607e-01 5.000000000000000000e-01 2.341666666666666619e-01 1.266666666666666774e-01
5.541666666666666963e-01 7.666666666666666075e-02 2.758333333333333193e-01 9.333333333333333759e-02
2.883333333333333304e-01 2.600000000000000089e-01 7.249999999999999500e-02 3.791666666666666519e-01
3.958333333333333148e-01 6.833333333333332926e-02 1.516666666666666718e-01 3.841666666666666563e-01
3.649999999999999911e-01 2.708333333333333148e-01 2.575000000000000067e-01 1.066666666666666735e-01
2.033333333333333381e-01 1.166666666666666720e-02 7.000000000000000666e-02 7.149999999999999689e-01
1.416666666666666595e-02 7.299999999999999822e-01 7.833333333333333814e-02 1.774999999999999911e-01
5.166666666666666630e-02 2.033333333333333381e-01 3.150000000000000022e-01 4.299999999999999933e-01
2.474999999999999978e-01 4.866666666666666918e-01 1.141666666666666663e-01 1.516666666666666718e-01
1.341666666666666563e-01 1.941666666666666541e-01 4.891666666666666941e-01 1.824999999999999956e-01
4.091666666666666785e-01 3.366666666666666696e-01 2.466666666666666730e-01 7.499999999999999722e-03
1.033333333333333326e-01 2.650000000000000133e-01 3.816666666666666541e-01 2.500000000000000000e-01
4.166666666666666435e-02 2.058333333333333404e-01 3.875000000000000111e-01 3.649999999999999911e-01
1.583333333333333259e-01 1.258333333333333248e-01 2.741666666666666696e-01 4.416666666666666519e-01
4.149999999999999800e-01 7.083333333333333148e-02 4.533333333333333104e-01 6.083333333333333648e-02
1.483333333333333448e-01 2.408333333333333437e-01 4.983333333333333504e-01 1.125000000000000028e-01
7.333333333333332815e-01 9.416666666666666241e-02 1.174999999999999933e-01 5.500000000000000028e-02
