5.249999999999999806e-02 2.991666666666666918e-01 6.266666666666667052e-01 2.166666666666666741e-02
3.383333333333333193e-01 1.166666666666666720e-02 4.349999999999999978e-01 2.149999999999999967e-01
3.341666666666666674e-01 1.108333333333333393e-01 8.500000000000000611e-02 4.699999999999999734e-01
1.174999999999999933e-01 3.141666666666666496e-01 1.250000000000000069e-02 5.558333333333332904e-01
6.416666666666666352e-02 4.683333333333333237e-01 3.891666666666666607e-01 7.833333333333333814e-02
3.375000000000000222e-01 2.325000000000000122e-01 1.474999999999999922e-01 2.824999999999999734e-01
4.724999999999999756e-01 1.291666666666666796e-01 1.658333333333333326e-01 2.325000000000000122e-01
2.675000000000000155e-01 4.508333333333333082e-01 1.816666666666666707e-01 1.000000000000000056e-01
2.449999999999999956e-01 3.666666666666666408e-01 7.166666666666667018e-02 3.166666666666666519e-01
2.333333333333333440e-02 2.374999999999999889e-01 4.958333333333333481e-01 2.433333333333333459e-01
5.374999999999999778e-01 1.141666666666666663e-01 3.258333333333333082e-01 2.249999999999999917e-02
1.033333333333333326e-01 9.916666666666666685e-02 3.808333333333333570e-01 4.166666666666666852e-01
5.266666666666666163e-01 1.383333333333333359e-01 2.416666666666666616e-02 3.108333333333333504e-01
5.750000000000000250e-02 2.275000000000000078e-01 5.358333333333333837e-01 1.791666666666666685e-01
4.516666666666666607e-01 2.083333333333333426e-01 2.949999999999999845e-01 4.499999999999999833e-02
4.833333333333333370e-01 9.333333333333333759e-02 2.275000000000000078e-01 1.958333333333333315e-01
6.416666666666666352e-02 3.724999999999999978e-01 5.266666666666666163e-01 3.666666666666666685e-02
1.524999999999999967e-01 3.508333333333333304e-01 1.858333333333333226e-01 3.108333333333333504e-01
2.866666666666666807e-01 4.650000000000000244e-01 9.249999999999999889e-02 1.558333333333333237e-01
2.591666666666666563e-01 4.499999999999999833e-02 2.325000000000000122e-01 4.633333333333333193e-01
3.458333333333333259e-01 2.258333333333333304e-01 1.908333333333333270e-01 2.374999999999999889e-01
9.583333333333333981e-02 3.250000000000000111e-01 4.733333333333333282e-01 1.058333333333333348e-01
2.066666666666666652e-01 5.749999999999999556e-01 1.541666666666666741e-01 6.416666666666666352e-02
