3.583333333333333370e-01 4.508333333333333082e-01 2.916666666666666713e-02 1.616666666666666530e-01
4.600000000000000200e-01 1.275000000000000022e-01 2.550000000000000044e-01 1.575000000000000011e-01
1.950000000000000067e-01 6.866666666666666474e-01 9.333333333333333759e-02 2.500000000000000139e-02
1.791666666666666685e-01 4.408333333333333548e-01 6.750000000000000444e-02 3.125000000000000000e-01
1.766666666666666663e-01 3.366666666666666696e-01 3.283333333333333104e-01 1.583333333333333259e-01
3.466666666666666785e-01 2.183333333333333237e-01 1.308333333333333293e-01 3.041666666666666408e-01
1.724999999999999867e-01 3.425000000000000266e-01 1.499999999999999944e-02 4.699999999999999734e-01
2.783333333333333215e-01 2.800000000000000266e-01 2.083333333333333218e-02 4.208333333333333370e-01
3.375000000000000222e-01 3.800000000000000044e-01 1.416666666666666630e-01 1.408333333333333381e-01
4.025000000000000244e-01 1.000000000000000056e-01 3.666666666666666685e-02 4.608333333333333171e-01
4.558333333333333126e-01 2.566666666666666541e-01 4.333333333333333481e-02 2.441666666666666707e-01
7.416666666666667240e-02 8.358333333333333171e-01 2.750000000000000014e-02 6.250000000000000000e-02
1.308333333333333293e-01 1.466666666666666674e-01 2.666666666666666630e-01 4.558333333333333126e-01
3.858333333333333059e-01 5.833333333333333426e-02 2.374999999999999889e-01 3.183333333333333570e-01
6.583333333333332704e-02 2.000000000000000111e-01 4.416666666666666657e-02 6.899999999999999467e-01
5.550000000000000488e-01 3.666666666666666685e-02 1.474999999999999922e-01 2.608333333333333059e-01
2.500000000000000000e-01 3.341666666666666674e-01 1.533333333333333215e-01 2.625000000000000111e-01
2.325000000000000122e-01 2.000000000000000042e-02 4.000000000000000222e-01 3.474999999999999756e-01
1.966666666666666563e-01 3.183333333333333570e-01 5.666666666666666380e-02 4.283333333333333437e-01
1.558333333333333237e-01 4.366666666666666474e-01 3.616666666666666918e-01 4.583333333333333010e-02
