4.458333333333333592e-01 2.433333333333333459e-01 2.866666666666666807e-01 2.416666666666666616e-02
7.158333333333333215e-01 8.166666666666666519e-02 1.458333333333333426e-01 5.666666666666666380e-02
5.424999999999999822e-01 2.349999999999999867e-01 6.250000000000000000e-02 1.600000000000000033e-01
2.374999999999999889e-01 4.091666666666666785e-01 1.558333333333333237e-01 1.975000000000000089e-01
7.041666666666667185e-01 1.383333333333333359e-01 1.041666666666666713e-01 5.333333333333333676e-02
2.983333333333333393e-01 1.791666666666666685e-01 4.025000000000000244e-01 1.199999999999999956e-01
1.250000000000000000e-01 6.750000000000000444e-02 2.325000000000000122e-01 5.749999999999999556e-01
1.233333333333333365e-01 2.824999999999999734e-01 2.700000000000000178e-01 3.241666666666666585e-01
4.066666666666666763e-01 8.666666666666666963e-02 3.066666666666666430e-01 2.000000000000000111e-01
1.316666666666666541e-01 4.333333333333333481e-01 8.500000000000000611e-02 3.499999999999999778e-01
5.658333333333332993e-01 5.833333333333333426e-02 8.500000000000000611e-02 2.908333333333333326e-01
2.474999999999999978e-01 5.608333333333332948e-01 1.808333333333333459e-01 1.083333333333333370e-02
2.066666666666666652e-01 4.416666666666666519e-01 9.750000000000000333e-02 2.541666666666666519e-01
4.224999999999999867e-01 2.174999999999999989e-01 2.058333333333333404e-01 1.541666666666666741e-01
6.458333333333333703e-01 1.174999999999999933e-01 9.166666666666666019e-02 1.449999999999999900e-01
1.683333333333333348e-01 4.416666666666666657e-02 6.424999999999999600e-01 1.449999999999999900e-01
2.916666666666666852e-01 1.449999999999999900e-01 3.008333333333333415e-01 2.625000000000000111e-01
3.516666666666666829e-01 3.875000000000000111e-01 1.150000000000000050e-01 1.458333333333333426e-01
6.083333333333333648e-02 5.283333333333333215e-01 2.949999999999999845e-01 1.158333333333333298e-01
3.266666666666666607e-01 1.000000000000000056e-01 4.774999999999999800e-01 9.583333333333333981e-02
4.199999999999999845e-01 2.000000000000000111e-01 2.158333333333333215e-01 1.641666666666666552e-01
4.324999999999999956e-01 9.666666666666666463e-02 9.916666666666666685e-02 3.716666666666666452e-01
2.558333333333333570e-01 1.749999999999999889e-01 3.083333333333333412e-02 5.383333333333333304e-01
