6.550000000000000266e-01 1.658333333333333326e-01 3.916666666666666907e-02 1.400000000000000133e-01
7.416666666666667240e-02 5.333333333333333259e-01 2.966666666666666896e-01 9.583333333333333981e-02
3.333333333333333148e-01 1.774999999999999911e-01 7.000000000000000666e-02 4.191666666666666874e-01
1.391666666666666607e-01 2.366666666666666641e-01 2.933333333333333348e-01 3.308333333333333126e-01
9.166666666666666019e-02 3.266666666666666607e-01 4.733333333333333282e-01 1.083333333333333370e-01
1.000000000000000056e-01 8.666666666666666963e-02 7.191666666666666208e-01 9.416666666666666241e-02
5.733333333333333615e-01 1.133333333333333276e-01 1.516666666666666718e-01 1.616666666666666530e-01
1.558333333333333237e-01 4.033333333333333215e-01 3.074999999999999956e-01 1.333333333333333315e-01
1.958333333333333315e-01 2.791666666666666741e-01 2.316666666666666596e-01 2.933333333333333348e-01
2.058333333333333404e-01 1.066666666666666735e-01 1.333333333333333315e-01 5.541666666666666963e-01
3.225000000000000089e-01 4.250000000000000305e-02 4.391666666666666496e-01 1.958333333333333315e-01
2.191666666666666763e-01 4.916666666666666408e-02 2.600000000000000089e-01 4.716666666666666785e-01
3.724999999999999978e-01 2.974999999999999867e-01 2.500000000000000000e-01 8.000000000000000167e-02
1.316666666666666541e-01 5.400000000000000355e-01 2.133333333333333470e-01 1.150000000000000050e-01
2.000000000000000111e-01 6.658333333333333881e-01 8.000000000000000167e-02 5.416666666666666852e-02
3.083333333333333412e-02 5.000000000000000278e-02 7.916666666666666297e-01 1.275000000000000022e-01
2.733333333333333171e-01 1.749999999999999889e-01 2.591666666666666563e-01 2.924999999999999822e-01
2.000000000000000111e-01 4.425000000000000044e-01 1.391666666666666607e-01 2.183333333333333237e-01
1.749999999999999889e-01 2.924999999999999822e-01 7.916666666666666297e-02 4.533333333333333104e-01
2.091666666666666674e-01 1.900000000000000022e-01 7.249999999999999500e-02 5.283333333333333215e-01
3.016666666666666941e-01 1.541666666666666741e-01 4.541666666666666630e-01 8.999999999999999667e-02
5.283333333333333215e-01 4.083333333333333259e-02 3.500000000000000333e-02 3.958333333333333148e-01
