2.099999999999999922e-01 5.166666666666666630e-02 1.316666666666666541e-01 6.066666666666666874e-01
3.858333333333333059e-01 2.858333333333333282e-01 2.349999999999999867e-01 9.333333333333333759e-02
2.333333333333333440e-02 3.775000000000000022e-01 5.783333333333333659e-01 2.083333333333333218e-02
3.066666666666666430e-01 5.249999999999999806e-02 2.991666666666666918e-01 3.416666666666666741e-01
1.250000000000000000e-01 4.558333333333333126e-01 1.783333333333333437e-01 2.408333333333333437e-01
8.500000000000000611e-02 5.383333333333333304e-01 7.749999999999999944e-02 2.991666666666666918e-01
1.758333333333333415e-01 8.749999999999999445e-02 5.875000000000000222e-01 1.491666666666666696e-01
1.808333333333333459e-01 3.016666666666666941e-01 2.408333333333333437e-01 2.766666666666666718e-01
1.183333333333333320e-01 2.833333333333333190e-02 5.524999999999999911e-01 3.008333333333333415e-01
1.866666666666666752e-01 1.366666666666666585e-01 4.666666666666666741e-01 2.099999999999999922e-01
7.583333333333333592e-02 1.074999999999999983e-01 7.316666666666666874e-01 8.500000000000000611e-02
1.458333333333333426e-01 5.374999999999999778e-01 1.275000000000000022e-01 1.891666666666666774e-01
3.333333333333333287e-02 4.308333333333333459e-01 2.808333333333333237e-01 2.550000000000000044e-01
3.866666666666666585e-01 5.483333333333333393e-01 4.250000000000000305e-02 2.249999999999999917e-02
1.675000000000000100e-01 2.700000000000000178e-01 1.208333333333333343e-01 4.416666666666666519e-01
3.858333333333333059e-01 2.891666666666666829e-01 8.916666666666667185e-02 2.358333333333333393e-01
2.700000000000000178e-01 1.174999999999999933e-01 2.700000000000000178e-01 3.425000000000000266e-01
2.366666666666666641e-01 1.458333333333333426e-01 9.833333333333332815e-02 5.191666666666666652e-01
2.049999999999999878e-01 2.741666666666666696e-01 2.525000000000000022e-01 2.683333333333333126e-01
2.883333333333333304e-01 1.250000000000000069e-02 3.858333333333333059e-01 3.133333333333333526e-01
3.583333333333333509e-02 5.424999999999999822e-01 4.083333333333333259e-01 1.333333333333333419e-02
2.308333333333333348e-01 3.175000000000000044e-01 4.208333333333333370e-01 3.083333333333333412e-02
4.033333333333333215e-01 1.900000000000000022e-01 3.375000000000000222e-01 6.916666666666666796e-02
