4.916666666666666408e-02 4.266666666666666941e-01 7.166666666666667018e-02 4.525000000000000133e-01
1.066666666666666735e-01 4.949999999999999956e-01 1.258333333333333248e-01 2.725000000000000200e-01
3.133333333333333526e-01 9.833333333333332815e-02 5.649999999999999467e-01 2.333333333333333440e-02
8.500000000000000611e-02 4.866666666666666918e-01 4.183333333333333348e-01 1.000000000000000021e-02
4.224999999999999867e-01 2.200000000000000011e-01 7.083333333333333148e-02 2.866666666666666807e-01
5.250000000000000222e-01 2.741666666666666696e-01 1.691666666666666596e-01 3.166666666666666935e-02
2.250000000000000056e-01 1.424999999999999878e-01 8.500000000000000611e-02 5.474999999999999867e-01
6.850000000000000533e-01 1.816666666666666707e-01 2.999999999999999889e-02 1.033333333333333326e-01
9.500000000000000111e-02 2.166666666666666741e-02 5.466666666666666341e-01 3.366666666666666696e-01
4.174999999999999822e-01 2.766666666666666718e-01 8.083333333333332649e-02 2.250000000000000056e-01
1.716666666666666619e-01 6.008333333333333304e-01 1.541666666666666741e-01 7.333333333333333370e-02
2.291666666666666574e-01 4.491666666666666585e-01 8.583333333333333093e-02 2.358333333333333393e-01
3.691666666666666430e-01 4.083333333333333259e-02 2.575000000000000067e-01 3.325000000000000178e-01
3.175000000000000044e-01 1.191666666666666707e-01 4.525000000000000133e-01 1.108333333333333393e-01
1.900000000000000022e-01 2.700000000000000178e-01 2.700000000000000178e-01 2.700000000000000178e-01
1.808333333333333459e-01 4.724999999999999756e-01 1.300000000000000044e-01 2.166666666666666741e-01
1.325000000000000067e-01 3.016666666666666941e-01 2.300000000000000100e-01 3.358333333333333171e-01
5.274999999999999689e-01 1.466666666666666674e-01 8.500000000000000611e-02 2.408333333333333437e-01
1.499999999999999944e-01 1.849999999999999978e-01 2.458333333333333204e-01 4.191666666666666874e-01
2.166666666666666741e-01 6.250000000000000000e-02 9.833333333333332815e-02 6.225000000000000533e-01
1.683333333333333348e-01 1.316666666666666541e-01 5.608333333333332948e-01 1.391666666666666607e-01
1.199999999999999956e-01 2.966666666666666896e-01 1.883333333333333248e-01 3.950000000000000178e-01
