7.000000000000000666e-02 7.691666666666666652e-01 2.166666666666666741e-02 1.391666666666666607e-01
8.083333333333332649e-02 7.099999999999999645e-01 1.625000000000000056e-01 4.666666666666666879e-02
2.800000000000000266e-01 8.583333333333333093e-02 3.641666666666666941e-01 2.700000000000000178e-01
3.500000000000000333e-02 3.666666666666666408e-01 5.166666666666667185e-01 8.166666666666666519e-02
4.458333333333333592e-01 2.849999999999999756e-01 2.833333333333333190e-02 2.408333333333333437e-01
2.999999999999999889e-02 8.308333333333333126e-01 7.333333333333333370e-02 6.583333333333332704e-02
1.916666666666666796e-01 2.241666666666666530e-01 4.591666666666666674e-01 1.250000000000000000e-01
4.433333333333333570e-01 1.325000000000000067e-01 2.008333333333333359e-01 2.233333333333333282e-01
3.775000000000000022e-01 1.875000000000000000e-01 2.916666666666666852e-01 1.433333333333333404e-01
2.958333333333333370e-01 1.166666666666666720e-02 1.483333333333333448e-01 5.441666666666666874e-01
1.516666666666666718e-01 5.000000000000000278e-02 2.341666666666666619e-01 5.641666666666667052e-01
5.483333333333333393e-01 2.700000000000000178e-01 1.666666666666666574e-01 1.499999999999999944e-02
1.858333333333333226e-01 2.325000000000000122e-01 5.916666666666666602e-02 5.224999999999999645e-01
1.716666666666666619e-01 2.725000000000000200e-01 1.416666666666666630e-01 4.141666666666666829e-01
2.625000000000000111e-01 3.508333333333333304e-01 1.875000000000000000e-01 1.991666666666666585e-01
2.725000000000000200e-01 3.950000000000000178e-01 5.249999999999999806e-02 2.800000000000000266e-01
2.225000000000000033e-01 4.816666666666666874e-01 2.550000000000000044e-01 4.083333333333333259e-02
4.866666666666666918e-01 2.183333333333333237e-01 1.241666666666666613e-01 1.708333333333333370e-01
2.758333333333333193e-01 2.000000000000000111e-01 3.400000000000000244e-01 1.841666666666666730e-01
3.825000000000000067e-01 3.583333333333333509e-02 2.916666666666666852e-01 2.899999999999999800e-01
