1.499999999999999944e-02 1.491666666666666696e-01 2.575000000000000067e-01 5.783333333333333659e-01
1.608333333333333282e-01 1.125000000000000028e-01 1.108333333333333393e-01 6.158333333333333437e-01
2.899999999999999800e-01 3.741666666666666474e-01 9.083333333333333537e-02 2.449999999999999956e-01
2.266666666666666552e-01 2.358333333333333393e-01 1.566666666666666763e-01 3.808333333333333570e-01
1.000000000000000056e-01 3.375000000000000222e-01 2.641666666666666607e-01 2.983333333333333393e-01
7.749999999999999944e-02 4.799999999999999822e-01 3.825000000000000067e-01 5.999999999999999778e-02
3.741666666666666474e-01 2.575000000000000067e-01 3.058333333333333459e-01 6.250000000000000000e-02
5.083333333333333454e-02 6.441666666666666652e-01 1.166666666666666720e-02 2.933333333333333348e-01
2.208333333333333259e-01 5.249999999999999806e-02 4.849999999999999867e-01 2.416666666666666685e-01
8.999999999999999667e-02 3.258333333333333082e-01 5.308333333333333792e-01 5.333333333333333676e-02
4.258333333333333415e-01 2.424999999999999933e-01 2.391666666666666663e-01 9.249999999999999889e-02
2.816666666666666763e-01 3.833333333333333037e-02 4.133333333333333304e-01 2.666666666666666630e-01
3.233333333333333059e-01 8.500000000000000611e-02 2.550000000000000044e-01 3.366666666666666696e-01
3.241666666666666585e-01 2.650000000000000133e-01 4.833333333333333232e-02 3.624999999999999889e-01
5.249999999999999806e-02 3.308333333333333126e-01 5.083333333333333454e-02 5.658333333333332993e-01
5.500000000000000028e-02 6.750000000000000444e-02 5.166666666666667185e-01 3.608333333333333393e-01
2.533333333333333548e-01 2.099999999999999922e-01 3.633333333333333415e-01 1.733333333333333393e-01
1.866666666666666752e-01 1.766666666666666663e-01 5.366666666666666252e-01 1.000000000000000056e-01
2.600000000000000089e-01 4.000000000000000083e-02 5.866666666666666696e-01 1.133333333333333276e-01
2.049999999999999878e-01 4.333333333333333481e-02 2.933333333333333348e-01 4.583333333333333148e-01
1.275000000000000022e-01 1.541666666666666741e-01 2.166666666666666741e-01 5.016666666666667052e-01
5.799999999999999600e-01 6.166666666666666824e-02 4.083333333333333259e-02 3.175000000000000044e-01
