8.166666666666666519e-02 2.041666666666666630e-01 5.341666666666666785e-01 1.799999999999999933e-01
1.683333333333333348e-01 3.608333333333333393e-01 2.924999999999999822e-01 1.783333333333333437e-01
4.608333333333333171e-01 2.833333333333333190e-02 3.900000000000000133e-01 1.208333333333333343e-01
1.166666666666666685e-01 1.316666666666666541e-01 2.966666666666666896e-01 4.550000000000000155e-01
3.599999999999999867e-01 4.499999999999999833e-02 5.249999999999999806e-02 5.424999999999999822e-01
2.916666666666666852e-01 3.833333333333333592e-01 1.916666666666666796e-01 1.333333333333333315e-01
1.166666666666666720e-02 5.633333333333333526e-01 2.433333333333333459e-01 1.816666666666666707e-01
1.658333333333333326e-01 7.083333333333333148e-02 4.099999999999999756e-01 3.533333333333333326e-01
3.416666666666666741e-01 1.716666666666666619e-01 4.608333333333333171e-01 2.583333333333333315e-02
1.275000000000000022e-01 9.750000000000000333e-02 4.199999999999999845e-01 3.549999999999999822e-01
4.333333333333333481e-01 4.083333333333333259e-02 8.416666666666666741e-02 4.416666666666666519e-01
5.925000000000000266e-01 8.333333333333332871e-02 8.250000000000000389e-02 2.416666666666666685e-01
5.250000000000000222e-01 1.383333333333333359e-01 2.924999999999999822e-01 4.416666666666666657e-02
1.166666666666666685e-01 2.483333333333333226e-01 2.374999999999999889e-01 3.975000000000000200e-01
6.841666666666667007e-01 8.416666666666666741e-02 1.183333333333333320e-01 1.133333333333333276e-01
1.275000000000000022e-01 6.258333333333333526e-01 1.424999999999999878e-01 1.041666666666666713e-01
4.224999999999999867e-01 2.533333333333333548e-01 1.675000000000000100e-01 1.566666666666666763e-01
9.583333333333333981e-02 1.224999999999999978e-01 4.058333333333333237e-01 3.758333333333333526e-01
2.816666666666666763e-01 3.516666666666666829e-01 1.275000000000000022e-01 2.391666666666666663e-01
1.333333333333333419e-02 1.058333333333333348e-01 4.166666666666666852e-01 4.641666666666666718e-01
3.033333333333333437e-01 1.774999999999999911e-01 4.333333333333333481e-01 8.583333333333333093e-02
5.941666666666666208e-01 1.499999999999999944e-01 2.149999999999999967e-01 4.083333333333333259e-02
2.000000000000000111e-01 1.366666666666666585e-01 4.108333333333333282e-01 2.525000000000000022e-01
