6.416666666666666352e-02 1.016666666666666691e-01 5.083333333333333454e-02 7.833333333333333259e-01
4.416666666666666657e-02 5.333333333333333676e-02 4.274999999999999911e-01 4.749999999999999778e-01
1.541666666666666741e-01 2.441666666666666707e-01 3.866666666666666585e-01 2.149999999999999967e-01
2.124999999999999944e-01 1.074999999999999983e-01 1.675000000000000100e-01 5.124999999999999556e-01
1.650000000000000078e-01 1.616666666666666530e-01 9.083333333333333537e-02 5.825000000000000178e-01
2.525000000000000022e-01 1.191666666666666707e-01 2.616666666666666585e-01 3.666666666666666408e-01
3.800000000000000044e-01 4.941666666666666430e-01 8.666666666666666963e-02 3.916666666666666907e-02
8.666666666666666963e-02 3.699999999999999956e-01 3.808333333333333570e-01 1.625000000000000056e-01
1.183333333333333320e-01 3.024999999999999911e-01 1.791666666666666685e-01 4.000000000000000222e-01
3.116666666666666474e-01 4.166666666666666609e-03 4.616666666666666696e-01 2.225000000000000033e-01
3.541666666666666852e-01 9.166666666666666713e-03 2.991666666666666918e-01 3.375000000000000222e-01
1.033333333333333326e-01 7.583333333333333592e-02 1.691666666666666596e-01 6.516666666666666163e-01
2.999999999999999889e-01 6.583333333333332704e-02 2.174999999999999989e-01 4.166666666666666852e-01
7.883333333333333304e-01 3.250000000000000111e-02 1.183333333333333320e-01 6.083333333333333648e-02
1.575000000000000011e-01 2.333333333333333370e-01 4.041666666666666741e-01 2.049999999999999878e-01
9.166666666666666019e-02 5.200000000000000178e-01 1.358333333333333337e-01 2.525000000000000022e-01
7.166666666666667018e-02 3.250000000000000111e-01 3.866666666666666585e-01 2.166666666666666741e-01
2.233333333333333282e-01 3.599999999999999867e-01 1.824999999999999956e-01 2.341666666666666619e-01
1.558333333333333237e-01 2.750000000000000222e-01 1.366666666666666585e-01 4.324999999999999956e-01
5.033333333333332993e-01 1.700000000000000122e-01 1.024999999999999939e-01 2.241666666666666530e-01
5.649999999999999467e-01 8.083333333333332649e-02 5.333333333333333676e-02 3.008333333333333415e-01
3.200000000000000067e-01 2.191666666666666763e-01 1.258333333333333248e-01 3.350000000000000200e-01
