1.041666666666666713e-01 6.433333333333333126e-01 1.424999999999999878e-01 1.100000000000000006e-01
5.550000000000000488e-01 1.024999999999999939e-01 1.424999999999999878e-01 2.000000000000000111e-01
6.991666666666667140e-01 9.666666666666666463e-02 6.250000000000000000e-02 1.416666666666666630e-01
2.233333333333333282e-01 5.308333333333333792e-01 9.083333333333333537e-02 1.549999999999999989e-01
1.916666666666666796e-01 8.749999999999999445e-02 5.166666666666667185e-01 2.041666666666666630e-01
1.616666666666666530e-01 8.000000000000000167e-02 3.066666666666666430e-01 4.516666666666666607e-01
6.583333333333332704e-02 7.966666666666666341e-01 3.666666666666666685e-02 1.008333333333333304e-01
3.133333333333333526e-01 3.116666666666666474e-01 3.166666666666666519e-01 5.833333333333333426e-02
7.416666666666666963e-01 6.166666666666666824e-02 7.916666666666666297e-02 1.174999999999999933e-01
1.199999999999999956e-01 1.966666666666666563e-01 2.983333333333333393e-01 3.850000000000000089e-01
3.633333333333333415e-01 2.366666666666666641e-01 1.858333333333333226e-01 2.141666666666666718e-01
2.833333333333333259e-01 4.099999999999999756e-01 1.966666666666666563e-01 1.100000000000000006e-01
9.249999999999999889e-02 7.000000000000000666e-02 2.433333333333333459e-01 5.941666666666666208e-01
5.783333333333333659e-01 5.000000000000000278e-02 1.591666666666666785e-01 2.124999999999999944e-01
1.858333333333333226e-01 4.475000000000000089e-01 1.499999999999999944e-01 2.166666666666666741e-01
4.833333333333333232e-02 7.025000000000000133e-01 8.166666666666666519e-02 1.675000000000000100e-01
6.566666666666666208e-01 1.941666666666666541e-01 1.049999999999999961e-01 4.416666666666666657e-02
4.699999999999999734e-01 3.033333333333333437e-01 7.916666666666666297e-02 1.474999999999999922e-01
