6.458333333333333703e-01 1.591666666666666785e-01 4.083333333333333259e-02 1.541666666666666741e-01
3.416666666666666463e-02 5.500000000000000444e-01 1.741666666666666641e-01 2.416666666666666685e-01
9.416666666666666241e-02 3.583333333333333509e-02 3.616666666666666918e-01 5.083333333333333037e-01
1.541666666666666741e-01 1.758333333333333415e-01 4.375000000000000000e-01 2.325000000000000122e-01
3.591666666666666896e-01 1.483333333333333448e-01 2.291666666666666574e-01 2.633333333333333082e-01
4.566666666666666652e-01 1.083333333333333370e-02 3.991666666666666696e-01 1.333333333333333315e-01
2.916666666666666713e-02 3.099999999999999978e-01 1.383333333333333359e-01 5.224999999999999645e-01
2.033333333333333381e-01 2.149999999999999967e-01 4.525000000000000133e-01 1.291666666666666796e-01
1.199999999999999956e-01 1.633333333333333304e-01 4.375000000000000000e-01 2.791666666666666741e-01
1.166666666666666720e-02 6.724999999999999867e-01 2.291666666666666574e-01 8.666666666666666963e-02
4.916666666666666408e-02 3.591666666666666896e-01 4.266666666666666941e-01 1.650000000000000078e-01
2.691666666666666652e-01 8.416666666666666741e-02 5.708333333333333037e-01 7.583333333333333592e-02
1.108333333333333393e-01 2.700000000000000178e-01 1.799999999999999933e-01 4.391666666666666496e-01
3.624999999999999889e-01 2.541666666666666519e-01 2.241666666666666530e-01 1.591666666666666785e-01
5.466666666666666341e-01 7.333333333333333370e-02 2.358333333333333393e-01 1.441666666666666652e-01
4.416666666666666657e-02 4.199999999999999845e-01 1.724999999999999867e-01 3.633333333333333415e-01
5.258333333333333748e-01 2.508333333333333526e-01 1.016666666666666691e-01 1.216666666666666730e-01
1.691666666666666596e-01 3.491666666666666807e-01 2.750000000000000014e-02 4.541666666666666630e-01
1.991666666666666585e-01 1.608333333333333282e-01 8.916666666666667185e-02 5.508333333333332860e-01
5.058333333333333570e-01 6.666666666666666574e-02 3.366666666666666696e-01 9.083333333333333537e-02
5.949999999999999734e-01 2.300000000000000100e-01 1.233333333333333365e-01 5.166666666666666630e-02
9.750000000000000333e-02 2.333333333333333370e-01 3.624999999999999889e-01 3.066666666666666430e-01
