9.249999999999999889e-02 5.000000000000000000e-01 4.416666666666666657e-02 3.633333333333333415e-01
2.216666666666666785e-01 5.708333333333333037e-01 1.250000000000000000e-01 8.250000000000000389e-02
1.416666666666666595e-02 6.274999999999999467e-01 2.416666666666666685e-01 1.166666666666666685e-01
3.875000000000000111e-01 9.583333333333333981e-02 3.058333333333333459e-01 2.108333333333333448e-01
3.591666666666666896e-01 1.641666666666666552e-01 2.733333333333333171e-01 2.033333333333333381e-01
1.116666666666666641e-01 1.424999999999999878e-01 2.533333333333333548e-01 4.924999999999999933e-01
1.841666666666666730e-01 5.000000000000000000e-01 7.333333333333333370e-02 2.424999999999999933e-01
2.833333333333333190e-02 1.266666666666666774e-01 5.999999999999999778e-01 2.449999999999999956e-01
4.883333333333333415e-01 5.500000000000000028e-02 2.700000000000000178e-01 1.866666666666666752e-01
4.258333333333333415e-01 2.691666666666666652e-01 2.533333333333333548e-01 5.166666666666666630e-02
7.416666666666667240e-02 3.074999999999999956e-01 4.124999999999999778e-01 2.058333333333333404e-01
3.674999999999999933e-01 7.333333333333333370e-02 3.200000000000000067e-01 2.391666666666666663e-01
2.591666666666666563e-01 1.833333333333333204e-01 5.300000000000000266e-01 2.750000000000000014e-02
1.966666666666666563e-01 5.158333333333333659e-01 1.925000000000000044e-01 9.500000000000000111e-02
1.266666666666666774e-01 4.066666666666666763e-01 1.308333333333333293e-01 3.358333333333333171e-01
3.233333333333333059e-01 7.916666666666666297e-02 1.608333333333333282e-01 4.366666666666666474e-01
3.125000000000000000e-01 4.166666666666666435e-02 2.733333333333333171e-01 3.724999999999999978e-01
2.525000000000000022e-01 3.416666666666666741e-01 2.791666666666666741e-01 1.266666666666666774e-01
1.208333333333333343e-01 9.166666666666666019e-02 4.058333333333333237e-01 3.816666666666666541e-01
3.325000000000000178e-01 4.091666666666666785e-01 3.333333333333333287e-02 2.250000000000000056e-01
2.166666666666666741e-02 6.333333333333333037e-01 4.833333333333333232e-02 2.966666666666666896e-01
8.333333333333332871e-02 6.333333333333333870e-02 3.366666666666666696e-01 5.166666666666667185e-01
