8.583333333333333093e-02 5.658333333333332993e-01 1.216666666666666730e-01 2.266666666666666552e-01
3.916666666666666907e-02 4.274999999999999911e-01 2.675000000000000155e-01 2.658333333333333104e-01
1.325000000000000067e-01 1.074999999999999983e-01 4.091666666666666785e-01 3.508333333333333304e-01
6.750000000000000444e-02 7.008333333333333082e-01 1.716666666666666619e-01 5.999999999999999778e-02
3.716666666666666452e-01 3.241666666666666585e-01 1.466666666666666674e-01 1.575000000000000011e-01
9.416666666666666241e-02 5.999999999999999778e-01 6.416666666666666352e-02 2.416666666666666685e-01
3.841666666666666563e-01 7.000000000000000666e-02 2.158333333333333215e-01 3.300000000000000155e-01
1.000000000000000056e-01 4.666666666666666879e-02 2.908333333333333326e-01 5.625000000000000000e-01
1.541666666666666741e-01 1.600000000000000033e-01 2.191666666666666763e-01 4.666666666666666741e-01
1.266666666666666774e-01 1.133333333333333276e-01 4.224999999999999867e-01 3.375000000000000222e-01
1.724999999999999867e-01 1.549999999999999989e-01 6.016666666666666829e-01 7.083333333333333148e-02
3.308333333333333126e-01 1.383333333333333359e-01 2.675000000000000155e-01 2.633333333333333082e-01
3.108333333333333504e-01 1.499999999999999944e-01 6.666666666666666574e-02 4.724999999999999756e-01
1.316666666666666541e-01 2.158333333333333215e-01 4.983333333333333504e-01 1.541666666666666741e-01
3.483333333333333282e-01 1.666666666666666644e-02 3.491666666666666807e-01 2.858333333333333282e-01
3.033333333333333437e-01 1.650000000000000078e-01 2.966666666666666896e-01 2.349999999999999867e-01
4.000000000000000083e-02 1.424999999999999878e-01 6.416666666666667185e-01 1.758333333333333415e-01
6.208333333333333481e-01 1.441666666666666652e-01 6.250000000000000000e-02 1.724999999999999867e-01
5.833333333333333426e-02 1.375000000000000111e-01 6.374999999999999556e-01 1.666666666666666574e-01
2.683333333333333126e-01 3.233333333333333059e-01 3.383333333333333193e-01 7.000000000000000666e-02
