1.325000000000000067e-01 5.283333333333333215e-01 9.249999999999999889e-02 2.466666666666666730e-01
2.141666666666666718e-01 8.916666666666667185e-02 2.816666666666666763e-01 4.149999999999999800e-01
1.641666666666666552e-01 1.616666666666666530e-01 1.358333333333333337e-01 5.383333333333333304e-01
2.833333333333333259e-01 1.774999999999999911e-01 2.716666666666666674e-01 2.675000000000000155e-01
2.191666666666666763e-01 1.516666666666666718e-01 4.166666666666666852e-01 2.124999999999999944e-01
1.883333333333333248e-01 1.333333333333333315e-01 3.225000000000000089e-01 3.558333333333333348e-01
7.499999999999999722e-02 1.158333333333333298e-01 6.583333333333333259e-01 1.508333333333333470e-01
2.958333333333333370e-01 2.558333333333333570e-01 3.366666666666666696e-01 1.116666666666666641e-01
8.000000000000000167e-02 1.925000000000000044e-01 5.858333333333333171e-01 1.416666666666666630e-01
7.583333333333333592e-02 2.833333333333333259e-01 1.975000000000000089e-01 4.433333333333333570e-01
1.683333333333333348e-01 4.666666666666666879e-02 9.666666666666666463e-02 6.883333333333333526e-01
2.258333333333333304e-01 5.249999999999999806e-02 5.241666666666666696e-01 1.975000000000000089e-01
3.383333333333333193e-01 1.991666666666666585e-01 3.666666666666666408e-01 9.583333333333333981e-02
1.749999999999999889e-01 1.316666666666666541e-01 4.533333333333333104e-01 2.399999999999999911e-01
1.741666666666666641e-01 6.158333333333333437e-01 1.474999999999999922e-01 6.250000000000000000e-02
1.199999999999999956e-01 3.724999999999999978e-01 2.558333333333333570e-01 2.516666666666666496e-01
1.358333333333333337e-01 1.383333333333333359e-01 4.525000000000000133e-01 2.733333333333333171e-01
6.116666666666666918e-01 8.083333333333332649e-02 2.391666666666666663e-01 6.833333333333332926e-02
2.750000000000000014e-02 7.416666666666667240e-02 2.074999999999999900e-01 6.908333333333332993e-01
8.000000000000000167e-02 1.199999999999999956e-01 6.824999999999999956e-01 1.174999999999999933e-01
5.691666666666667096e-01 1.666666666666666574e-01 9.333333333333333759e-02 1.708333333333333370e-01
1.916666666666666796e-01 2.466666666666666730e-01 1.541666666666666741e-01 4.074999999999999734e-01
5.958333333333333259e-01 2.750000000000000014e-02 2.708333333333333148e-01 1.058333333333333348e-01
