1.866666666666666752e-01 5.416666666666666297e-01 4.000000000000000083e-02 2.316666666666666596e-01
3.358333333333333171e-01 1.916666666666666519e-02 4.133333333333333304e-01 2.316666666666666596e-01
3.408333333333333215e-01 2.424999999999999933e-01 3.950000000000000178e-01 2.166666666666666741e-02
4.816666666666666874e-01 2.141666666666666718e-01 1.991666666666666585e-01 1.049999999999999961e-01
2.124999999999999944e-01 1.224999999999999978e-01 1.841666666666666730e-01 4.808333333333333348e-01
3.058333333333333459e-01 3.083333333333333481e-01 3.133333333333333526e-01 7.249999999999999500e-02
1.066666666666666735e-01 7.066666666666666652e-01 1.708333333333333370e-01 1.583333333333333467e-02
3.566666666666666874e-01 9.333333333333333759e-02 4.233333333333333393e-01 1.266666666666666774e-01
2.908333333333333326e-01 3.341666666666666674e-01 2.666666666666666630e-01 1.083333333333333370e-01
2.058333333333333404e-01 1.108333333333333393e-01 3.425000000000000266e-01 3.408333333333333215e-01
5.249999999999999806e-02 3.599999999999999867e-01 1.300000000000000044e-01 4.575000000000000178e-01
3.549999999999999822e-01 8.916666666666667185e-02 1.724999999999999867e-01 3.833333333333333592e-01
1.966666666666666563e-01 2.916666666666666713e-02 8.916666666666667185e-02 6.850000000000000533e-01
3.558333333333333348e-01 4.341666666666666452e-01 5.833333333333333426e-02 1.516666666666666718e-01
2.808333333333333237e-01 3.499999999999999778e-01 9.666666666666666463e-02 2.725000000000000200e-01
5.566666666666666430e-01 8.583333333333333093e-02 3.208333333333333592e-01 3.666666666666666685e-02
2.000000000000000111e-01 4.483333333333333059e-01 2.558333333333333570e-01 9.583333333333333981e-02
1.241666666666666613e-01 1.691666666666666596e-01 4.283333333333333437e-01 2.783333333333333215e-01
7.499999999999999722e-02 5.999999999999999778e-02 2.758333333333333193e-01 5.891666666666666163e-01
9.833333333333332815e-02 2.691666666666666652e-01 5.133333333333333082e-01 1.191666666666666707e-01
7.716666666666666119e-01 1.074999999999999983e-01 9.916666666666666685e-02 2.166666666666666741e-02
