8.916666666666667185e-02 5.158333333333333659e-01 2.924999999999999822e-01 1.024999999999999939e-01
1.116666666666666641e-01 6.216666666666667007e-01 2.083333333333333218e-02 2.458333333333333204e-01
3.091666666666666452e-01 8.250000000000000389e-02 4.866666666666666918e-01 1.216666666666666730e-01
5.250000000000000222e-01 9.500000000000000111e-02 2.258333333333333304e-01 1.541666666666666741e-01
3.941666666666666652e-01 2.533333333333333548e-01 1.491666666666666696e-01 2.033333333333333381e-01
3.800000000000000044e-01 2.783333333333333215e-01 9.833333333333332815e-02 2.433333333333333459e-01
1.083333333333333370e-02 1.158333333333333298e-01 3.049999999999999933e-01 5.683333333333333570e-01
3.033333333333333437e-01 4.391666666666666496e-01 8.416666666666666741e-02 1.733333333333333393e-01
2.616666666666666585e-01 2.500000000000000139e-02 4.491666666666666585e-01 2.641666666666666607e-01
7.416666666666667240e-02 3.416666666666666741e-01 1.633333333333333304e-01 4.208333333333333370e-01
3.516666666666666829e-01 3.516666666666666829e-01 9.500000000000000111e-02 2.016666666666666607e-01
3.916666666666666907e-02 4.633333333333333193e-01 4.666666666666666879e-02 4.508333333333333082e-01
2.800000000000000266e-01 1.066666666666666735e-01 2.916666666666666852e-01 3.216666666666666563e-01
1.766666666666666663e-01 4.099999999999999756e-01 9.083333333333333537e-02 3.225000000000000089e-01
4.525000000000000133e-01 6.500000000000000222e-02 3.533333333333333326e-01 1.291666666666666796e-01
2.525000000000000022e-01 5.683333333333333570e-01 1.000000000000000021e-02 1.691666666666666596e-01
5.933333333333333792e-01 2.249999999999999917e-02 2.816666666666666763e-01 1.024999999999999939e-01
3.749999999999999861e-02 2.408333333333333437e-01 5.858333333333333171e-01 1.358333333333333337e-01
3.500000000000000333e-02 2.458333333333333204e-01 2.141666666666666718e-01 5.050000000000000044e-01
2.308333333333333348e-01 6.250000000000000000e-02 2.858333333333333282e-01 4.208333333333333370e-01
