4.866666666666666918e-01 4.000000000000000083e-02 8.583333333333333093e-02 3.875000000000000111e-01
3.024999999999999911e-01 2.333333333333333440e-02 6.308333333333333570e-01 4.333333333333333481e-02
8.999999999999999667e-02 5.491666666666666918e-01 4.499999999999999833e-02 3.158333333333333548e-01
5.216666666666666119e-01 2.908333333333333326e-01 9.750000000000000333e-02 8.999999999999999667e-02
1.208333333333333343e-01 5.758333333333333082e-01 2.483333333333333226e-01 5.500000000000000028e-02
3.908333333333333104e-01 2.291666666666666574e-01 2.258333333333333304e-01 1.541666666666666741e-01
1.625000000000000056e-01 1.183333333333333320e-01 1.283333333333333270e-01 5.908333333333333215e-01
2.325000000000000122e-01 1.841666666666666730e-01 3.524999999999999800e-01 2.308333333333333348e-01
3.141666666666666496e-01 1.150000000000000050e-01 1.975000000000000089e-01 3.733333333333333504e-01
2.349999999999999867e-01 1.549999999999999989e-01 4.508333333333333082e-01 1.591666666666666785e-01
3.833333333333333592e-01 3.649999999999999911e-01 1.125000000000000028e-01 1.391666666666666607e-01
1.750000000000000167e-02 3.666666666666666408e-01 2.091666666666666674e-01 4.066666666666666763e-01
2.616666666666666585e-01 6.524999999999999689e-01 7.583333333333333592e-02 1.000000000000000021e-02
2.841666666666666785e-01 1.666666666666666574e-01 2.766666666666666718e-01 2.725000000000000200e-01
4.033333333333333215e-01 2.658333333333333104e-01 1.516666666666666718e-01 1.791666666666666685e-01
2.416666666666666616e-02 7.183333333333333792e-01 1.241666666666666613e-01 1.333333333333333315e-01
4.583333333333333010e-02 2.575000000000000067e-01 5.558333333333332904e-01 1.408333333333333381e-01
1.258333333333333248e-01 7.749999999999999944e-02 3.008333333333333415e-01 4.958333333333333481e-01
