4.858333333333333393e-01 5.666666666666666380e-02 3.549999999999999822e-01 1.024999999999999939e-01
2.025000000000000133e-01 9.416666666666666241e-02 4.533333333333333104e-01 2.500000000000000000e-01
1.375000000000000111e-01 4.750000000000000056e-02 6.574999999999999734e-01 1.575000000000000011e-01
4.991666666666666474e-01 2.658333333333333104e-01 9.166666666666666019e-02 1.433333333333333404e-01
4.533333333333333104e-01 3.316666666666666652e-01 1.174999999999999933e-01 9.750000000000000333e-02
2.808333333333333237e-01 4.416666666666666657e-02 4.450000000000000067e-01 2.300000000000000100e-01
1.291666666666666796e-01 2.658333333333333104e-01 1.341666666666666563e-01 4.708333333333333259e-01
9.416666666666666241e-02 5.158333333333333659e-01 4.916666666666666408e-02 3.408333333333333215e-01
1.258333333333333248e-01 2.550000000000000044e-01 3.300000000000000155e-01 2.891666666666666829e-01
6.916666666666666519e-01 4.916666666666666408e-02 1.424999999999999878e-01 1.166666666666666685e-01
3.749999999999999861e-02 1.533333333333333215e-01 4.774999999999999800e-01 3.316666666666666652e-01
1.608333333333333282e-01 4.658333333333333215e-01 2.158333333333333215e-01 1.575000000000000011e-01
3.549999999999999822e-01 3.074999999999999956e-01 2.066666666666666652e-01 1.308333333333333293e-01
3.083333333333333412e-02 5.649999999999999467e-01 1.083333333333333370e-01 2.958333333333333370e-01
5.750000000000000250e-02 1.224999999999999978e-01 6.333333333333333037e-01 1.866666666666666752e-01
3.341666666666666674e-01 3.683333333333333459e-01 2.541666666666666519e-01 4.333333333333333481e-02
6.250000000000000000e-02 2.650000000000000133e-01 2.741666666666666696e-01 3.983333333333333171e-01
3.083333333333333412e-02 4.333333333333333481e-02 1.708333333333333370e-01 7.550000000000000044e-01
2.208333333333333259e-01 1.449999999999999900e-01 3.858333333333333059e-01 2.483333333333333226e-01
2.999999999999999889e-01 2.700000000000000178e-01 3.758333333333333526e-01 5.416666666666666852e-02
3.541666666666666852e-01 2.191666666666666763e-01 3.016666666666666941e-01 1.250000000000000000e-01
