2.399999999999999911e-01 6.583333333333332704e-02 5.058333333333333570e-01 1.883333333333333248e-01
1.424999999999999878e-01 7.283333333333333881e-01 5.249999999999999806e-02 7.666666666666666075e-02
2.700000000000000178e-01 5.666666666666666519e-01 2.500000000000000139e-02 1.383333333333333359e-01
1.691666666666666596e-01 4.666666666666666879e-02 4.808333333333333348e-01 3.033333333333333437e-01
2.650000000000000133e-01 2.608333333333333059e-01 4.558333333333333126e-01 1.833333333333333343e-02
2.908333333333333326e-01 4.924999999999999933e-01 2.000000000000000042e-02 1.966666666666666563e-01
7.666666666666666075e-02 5.124999999999999556e-01 2.149999999999999967e-01 1.958333333333333315e-01
2.708333333333333148e-01 1.308333333333333293e-01 4.858333333333333393e-01 1.125000000000000028e-01
9.666666666666666463e-02 4.958333333333333481e-01 3.283333333333333104e-01 7.916666666666666297e-02
2.474999999999999978e-01 4.450000000000000067e-01 8.833333333333333315e-02 2.191666666666666763e-01
5.808333333333333126e-01 9.833333333333332815e-02 1.666666666666666574e-01 1.541666666666666741e-01
2.241666666666666530e-01 1.250000000000000069e-02 4.766666666666666829e-01 2.866666666666666807e-01
2.908333333333333326e-01 1.008333333333333304e-01 3.099999999999999978e-01 2.983333333333333393e-01
3.191666666666666541e-01 3.375000000000000222e-01 1.216666666666666730e-01 2.216666666666666785e-01
4.716666666666666785e-01 6.166666666666666824e-02 2.633333333333333082e-01 2.033333333333333381e-01
1.549999999999999989e-01 2.766666666666666718e-01 4.766666666666666829e-01 9.166666666666666019e-02
1.058333333333333348e-01 6.816666666666666430e-01 1.833333333333333343e-02 1.941666666666666541e-01
2.783333333333333215e-01 3.225000000000000089e-01 2.883333333333333304e-01 1.108333333333333393e-01
2.225000000000000033e-01 2.300000000000000100e-01 4.216666666666666896e-01 1.258333333333333248e-01
2.383333333333333415e-01 3.483333333333333282e-01 8.250000000000000389e-02 3.308333333333333126e-01
4.974999999999999978e-01 1.383333333333333359e-01 2.849999999999999756e-01 7.916666666666666297e-02
