2.399999999999999911e-01 6.991666666666667140e-01 4.833333333333333232e-02 1.250000000000000069e-02
4.250000000000000305e-02 5.658333333333332993e-01 2.008333333333333359e-01 1.908333333333333270e-01
2.266666666666666552e-01 1.049999999999999961e-01 2.474999999999999978e-01 4.208333333333333370e-01
2.625000000000000111e-01 1.333333333333333315e-01 4.016666666666666718e-01 2.025000000000000133e-01
2.858333333333333282e-01 1.633333333333333304e-01 1.691666666666666596e-01 3.816666666666666541e-01
1.024999999999999939e-01 6.583333333333332704e-02 7.191666666666666208e-01 1.125000000000000028e-01
3.458333333333333259e-01 2.133333333333333470e-01 1.049999999999999961e-01 3.358333333333333171e-01
1.991666666666666585e-01 3.766666666666666496e-01 2.550000000000000044e-01 1.691666666666666596e-01
4.541666666666666630e-01 1.608333333333333282e-01 2.733333333333333171e-01 1.116666666666666641e-01
3.074999999999999956e-01 2.316666666666666596e-01 2.408333333333333437e-01 2.200000000000000011e-01
4.266666666666666941e-01 1.558333333333333237e-01 3.491666666666666807e-01 6.833333333333332926e-02
2.083333333333333426e-01 2.508333333333333526e-01 2.083333333333333218e-02 5.200000000000000178e-01
5.816666666666666652e-01 6.916666666666666796e-02 1.258333333333333248e-01 2.233333333333333282e-01
4.791666666666666852e-01 1.858333333333333226e-01 1.875000000000000000e-01 1.474999999999999922e-01
2.500000000000000139e-02 4.316666666666666430e-01 1.116666666666666641e-01 4.316666666666666430e-01
2.041666666666666630e-01 5.699999999999999512e-01 1.549999999999999989e-01 7.083333333333333148e-02
2.399999999999999911e-01 9.083333333333333537e-02 1.533333333333333215e-01 5.158333333333333659e-01
5.875000000000000222e-01 3.049999999999999933e-01 2.416666666666666616e-02 8.333333333333332871e-02
1.933333333333333293e-01 2.383333333333333415e-01 7.166666666666667018e-02 4.966666666666666452e-01
2.558333333333333570e-01 2.316666666666666596e-01 3.608333333333333393e-01 1.516666666666666718e-01
5.583333333333333204e-02 1.258333333333333248e-01 3.624999999999999889e-01 4.558333333333333126e-01
1.258333333333333248e-01 1.858333333333333226e-01 2.583333333333333315e-02 6.624999999999999778e-01
