8.250000000000000389e-02 2.575000000000000067e-01 1.424999999999999878e-01 5.174999999999999600e-01
6.016666666666666829e-01 1.766666666666666663e-01 4.250000000000000305e-02 1.791666666666666685e-01
3.300000000000000155e-01 2.725000000000000200e-01 2.933333333333333348e-01 1.041666666666666713e-01
2.541666666666666519e-01 3.316666666666666652e-01 2.000000000000000111e-01 2.141666666666666718e-01
4.416666666666666657e-02 2.349999999999999867e-01 5.775000000000000133e-01 1.433333333333333404e-01
1.133333333333333276e-01 1.083333333333333370e-02 2.858333333333333282e-01 5.899999999999999689e-01
2.283333333333333326e-01 1.491666666666666696e-01 3.116666666666666474e-01 3.108333333333333504e-01
1.100000000000000006e-01 3.658333333333333437e-01 1.983333333333333337e-01 3.258333333333333082e-01
7.966666666666666341e-01 7.000000000000000666e-02 5.916666666666666602e-02 7.416666666666667240e-02
2.399999999999999911e-01 2.474999999999999978e-01 2.158333333333333215e-01 2.966666666666666896e-01
2.016666666666666607e-01 3.041666666666666408e-01 1.933333333333333293e-01 3.008333333333333415e-01
2.041666666666666630e-01 8.749999999999999445e-02 3.608333333333333393e-01 3.474999999999999756e-01
5.833333333333333426e-02 7.416666666666666963e-01 8.250000000000000389e-02 1.174999999999999933e-01
6.666666666666666574e-02 6.408333333333333659e-01 2.108333333333333448e-01 8.166666666666666519e-02
4.750000000000000056e-02 2.791666666666666741e-01 5.166666666666667185e-01 1.566666666666666763e-01
5.224999999999999645e-01 6.416666666666666352e-02 1.641666666666666552e-01 2.491666666666666752e-01
5.166666666666667185e-01 1.266666666666666774e-01 2.433333333333333459e-01 1.133333333333333276e-01
6.591666666666666785e-01 4.499999999999999833e-02 7.416666666666667240e-02 2.216666666666666785e-01
9.666666666666666463e-02 3.508333333333333304e-01 2.041666666666666630e-01 3.483333333333333282e-01
6.091666666666666341e-01 4.250000000000000305e-02 1.791666666666666685e-01 1.691666666666666596e-01
2.758333333333333193e-01 2.883333333333333304e-01 1.458333333333333426e-01 2.899999999999999800e-01
1.000000000000000056e-01 1.424999999999999878e-01 3.333333333333333148e-01 4.241666666666666918e-01
