3.800000000000000044e-01 1.083333333333333370e-01 3.250000000000000111e-02 4.791666666666666852e-01
3.933333333333333126e-01 1.433333333333333404e-01 1.341666666666666563e-01 3.291666666666666630e-01
5.083333333333333454e-02 1.275000000000000022e-01 1.000000000000000056e-01 7.216666666666666785e-01
3.325000000000000178e-01 3.658333333333333437e-01 3.916666666666666907e-02 2.625000000000000111e-01
9.750000000000000333e-02 1.575000000000000011e-01 5.833333333333333703e-01 1.616666666666666530e-01
5.500000000000000028e-02 3.474999999999999756e-01 1.866666666666666752e-01 4.108333333333333282e-01
3.841666666666666563e-01 5.374999999999999778e-01 1.416666666666666595e-02 6.416666666666666352e-02
3.241666666666666585e-01 4.074999999999999734e-01 2.174999999999999989e-01 5.083333333333333454e-02
1.150000000000000050e-01 5.350000000000000311e-01 3.666666666666666685e-02 3.133333333333333526e-01
5.249999999999999806e-02 1.466666666666666674e-01 6.566666666666666208e-01 1.441666666666666652e-01
7.249999999999999500e-02 5.933333333333333792e-01 6.500000000000000222e-02 2.691666666666666652e-01
3.816666666666666541e-01 2.824999999999999734e-01 8.916666666666667185e-02 2.466666666666666730e-01
1.100000000000000006e-01 6.225000000000000533e-01 2.583333333333333315e-02 2.416666666666666685e-01
6.750000000000000444e-02 2.108333333333333448e-01 2.700000000000000178e-01 4.516666666666666607e-01
3.850000000000000089e-01 2.025000000000000133e-01 1.541666666666666741e-01 2.583333333333333592e-01
1.600000000000000033e-01 3.750000000000000000e-01 1.849999999999999978e-01 2.800000000000000266e-01
2.275000000000000078e-01 8.749999999999999445e-02 7.249999999999999500e-02 6.125000000000000444e-01
3.108333333333333504e-01 3.866666666666666585e-01 2.200000000000000011e-01 8.250000000000000389e-02
2.433333333333333459e-01 1.883333333333333248e-01 3.858333333333333059e-01 1.824999999999999956e-01
2.608333333333333059e-01 6.333333333333333870e-02 4.541666666666666630e-01 2.216666666666666785e-01
1.749999999999999889e-01 1.941666666666666541e-01 2.741666666666666696e-01 3.566666666666666874e-01
3.908333333333333104e-01 1.708333333333333370e-01 2.641666666666666607e-01 1.741666666666666641e-01
