5.266666666666666163e-01 1.566666666666666763e-01 6.666666666666666574e-02 2.500000000000000000e-01
8.250000000000000389e-02 1.391666666666666607e-01 5.999999999999999778e-01 1.783333333333333437e-01
9.500000000000000111e-02 2.808333333333333237e-01 3.216666666666666563e-01 3.024999999999999911e-01
4.000000000000000222e-01 4.583333333333333010e-02 1.833333333333333204e-01 3.708333333333333481e-01
5.583333333333333204e-02 4.058333333333333237e-01 3.316666666666666652e-01 2.066666666666666652e-01
3.408333333333333215e-01 3.491666666666666807e-01 1.358333333333333337e-01 1.741666666666666641e-01
9.166666666666666019e-02 1.808333333333333459e-01 2.999999999999999889e-02 6.975000000000000089e-01
3.783333333333333548e-01 5.750000000000000250e-02 2.183333333333333237e-01 3.458333333333333259e-01
2.725000000000000200e-01 2.466666666666666730e-01 1.366666666666666585e-01 3.441666666666666763e-01
3.783333333333333548e-01 2.249999999999999917e-02 2.416666666666666685e-01 3.574999999999999845e-01
2.616666666666666585e-01 4.750000000000000056e-02 1.458333333333333426e-01 5.450000000000000400e-01
2.525000000000000022e-01 2.999999999999999889e-02 6.316666666666667096e-01 8.583333333333333093e-02
7.416666666666667240e-02 1.174999999999999933e-01 4.558333333333333126e-01 3.524999999999999800e-01
4.699999999999999734e-01 8.250000000000000389e-02 3.191666666666666541e-01 1.283333333333333270e-01
1.141666666666666663e-01 4.741666666666666807e-01 1.341666666666666563e-01 2.775000000000000244e-01
1.750000000000000167e-02 4.666666666666666879e-02 1.474999999999999922e-01 7.883333333333333304e-01
1.983333333333333337e-01 3.400000000000000244e-01 2.700000000000000178e-01 1.916666666666666796e-01
3.166666666666666935e-02 3.649999999999999911e-01 3.491666666666666807e-01 2.541666666666666519e-01
4.749999999999999778e-01 9.249999999999999889e-02 2.883333333333333304e-01 1.441666666666666652e-01
1.524999999999999967e-01 1.116666666666666641e-01 1.108333333333333393e-01 6.250000000000000000e-01
4.750000000000000056e-02 3.300000000000000155e-01 3.599999999999999867e-01 2.625000000000000111e-01
2.741666666666666696e-01 3.066666666666666430e-01 2.383333333333333415e-01 1.808333333333333459e-01
