8.333333333333333868e-04 6.508333333333333748e-01 1.199999999999999956e-01 2.283333333333333326e-01
3.883333333333333082e-01 5.583333333333333204e-02 2.266666666666666552e-01 3.291666666666666630e-01
2.183333333333333237e-01 2.025000000000000133e-01 1.074999999999999983e-01 4.716666666666666785e-01
1.491666666666666696e-01 3.574999999999999845e-01 4.799999999999999822e-01 1.333333333333333419e-02
2.525000000000000022e-01 3.408333333333333215e-01 2.074999999999999900e-01 1.991666666666666585e-01
1.841666666666666730e-01 2.858333333333333282e-01 5.750000000000000250e-02 4.724999999999999756e-01
2.458333333333333204e-01 1.258333333333333248e-01 1.224999999999999978e-01 5.058333333333333570e-01
2.958333333333333370e-01 4.366666666666666474e-01 6.416666666666666352e-02 2.033333333333333381e-01
2.074999999999999900e-01 5.750000000000000250e-02 1.975000000000000089e-01 5.374999999999999778e-01
4.416666666666666657e-02 1.900000000000000022e-01 2.233333333333333282e-01 5.424999999999999822e-01
1.183333333333333320e-01 6.266666666666667052e-01 1.133333333333333276e-01 1.416666666666666630e-01
4.274999999999999911e-01 7.333333333333333370e-02 3.616666666666666918e-01 1.375000000000000111e-01
1.341666666666666563e-01 3.674999999999999933e-01 4.716666666666666785e-01 2.666666666666666838e-02
1.675000000000000100e-01 6.266666666666667052e-01 1.066666666666666735e-01 9.916666666666666685e-02
1.616666666666666530e-01 3.466666666666666785e-01 1.341666666666666563e-01 3.574999999999999845e-01
1.925000000000000044e-01 1.741666666666666641e-01 5.841666666666666119e-01 4.916666666666666408e-02
3.316666666666666652e-01 1.708333333333333370e-01 3.850000000000000089e-01 1.125000000000000028e-01
2.275000000000000078e-01 1.166666666666666720e-02 7.225000000000000311e-01 3.833333333333333037e-02
5.166666666666666630e-02 5.699999999999999512e-01 2.049999999999999878e-01 1.733333333333333393e-01
