6.583333333333332704e-02 6.316666666666667096e-01 1.600000000000000033e-01 1.424999999999999878e-01
2.316666666666666596e-01 5.866666666666666696e-01 1.716666666666666619e-01 1.000000000000000021e-02
1.250000000000000000e-01 5.750000000000000250e-02 6.099999999999999867e-01 2.074999999999999900e-01
4.199999999999999845e-01 2.049999999999999878e-01 2.141666666666666718e-01 1.608333333333333282e-01
4.183333333333333348e-01 1.283333333333333270e-01 5.999999999999999778e-02 3.933333333333333126e-01
3.024999999999999911e-01 3.816666666666666541e-01 1.049999999999999961e-01 2.108333333333333448e-01
5.649999999999999467e-01 3.608333333333333393e-01 1.166666666666666720e-02 6.250000000000000000e-02
1.891666666666666774e-01 1.549999999999999989e-01 5.608333333333332948e-01 9.500000000000000111e-02
4.633333333333333193e-01 1.866666666666666752e-01 2.800000000000000266e-01 7.000000000000000666e-02
2.308333333333333348e-01 1.100000000000000006e-01 4.750000000000000056e-02 6.116666666666666918e-01
2.583333333333333592e-01 9.249999999999999889e-02 3.408333333333333215e-01 3.083333333333333481e-01
3.683333333333333459e-01 8.999999999999999667e-02 2.666666666666666630e-01 2.750000000000000222e-01
3.375000000000000222e-01 3.066666666666666430e-01 8.500000000000000611e-02 2.708333333333333148e-01
4.375000000000000000e-01 1.575000000000000011e-01 1.650000000000000078e-01 2.399999999999999911e-01
2.058333333333333404e-01 3.925000000000000155e-01 3.833333333333333037e-02 3.633333333333333415e-01
1.975000000000000089e-01 1.083333333333333370e-01 3.250000000000000111e-02 6.616666666666666252e-01
5.433333333333333348e-01 4.149999999999999800e-01 1.583333333333333467e-02 2.583333333333333315e-02
3.358333333333333171e-01 2.349999999999999867e-01 2.550000000000000044e-01 1.741666666666666641e-01
2.266666666666666552e-01 2.258333333333333304e-01 1.458333333333333426e-01 4.016666666666666718e-01
5.474999999999999867e-01 2.874999999999999778e-01 1.100000000000000006e-01 5.500000000000000028e-02
2.933333333333333348e-01 4.083333333333333259e-01 2.916666666666666852e-01 6.666666666666667095e-03
3.366666666666666696e-01 1.516666666666666718e-01 1.600000000000000033e-01 3.516666666666666829e-01
1.491666666666666696e-01 1.125000000000000028e-01 3.666666666666666408e-01 3.716666666666666452e-01
