5.783333333333333659e-01 9.833333333333332815e-02 2.866666666666666807e-01 3.666666666666666685e-02
3.708333333333333481e-01 1.824999999999999956e-01 1.183333333333333320e-01 3.283333333333333104e-01
3.524999999999999800e-01 3.758333333333333526e-01 1.024999999999999939e-01 1.691666666666666596e-01
7.333333333333333370e-02 2.591666666666666563e-01 5.074999999999999512e-01 1.600000000000000033e-01
2.824999999999999734e-01 3.950000000000000178e-01 1.633333333333333304e-01 1.591666666666666785e-01
1.258333333333333248e-01 2.308333333333333348e-01 2.608333333333333059e-01 3.825000000000000067e-01
1.108333333333333393e-01 1.449999999999999900e-01 3.941666666666666652e-01 3.499999999999999778e-01
1.591666666666666785e-01 2.591666666666666563e-01 4.716666666666666785e-01 1.100000000000000006e-01
3.666666666666666685e-02 5.274999999999999689e-01 2.783333333333333215e-01 1.575000000000000011e-01
4.508333333333333082e-01 1.891666666666666774e-01 1.808333333333333459e-01 1.791666666666666685e-01
2.941666666666666874e-01 1.508333333333333470e-01 2.424999999999999933e-01 3.125000000000000000e-01
1.433333333333333404e-01 2.041666666666666630e-01 4.933333333333333459e-01 1.591666666666666785e-01
1.975000000000000089e-01 3.574999999999999845e-01 2.166666666666666741e-02 4.233333333333333393e-01
3.749999999999999861e-02 7.391666666666666385e-01 6.916666666666666796e-02 1.541666666666666741e-01
2.300000000000000100e-01 2.808333333333333237e-01 4.183333333333333348e-01 7.083333333333333148e-02
1.908333333333333270e-01 5.008333333333333526e-01 2.174999999999999989e-01 9.083333333333333537e-02
4.550000000000000155e-01 2.308333333333333348e-01 5.999999999999999778e-02 2.541666666666666519e-01
7.883333333333333304e-01 7.666666666666666075e-02 1.750000000000000167e-02 1.174999999999999933e-01
6.099999999999999867e-01 1.108333333333333393e-01 5.750000000000000250e-02 2.216666666666666785e-01
7.416666666666667240e-02 3.133333333333333526e-01 4.158333333333333326e-01 1.966666666666666563e-01
1.016666666666666691e-01 4.241666666666666918e-01 3.441666666666666763e-01 1.300000000000000044e-01
