2.500000000000000139e-02 4.833333333333333232e-02 5.716666666666666563e-01 3.549999999999999822e-01
2.466666666666666730e-01 1.566666666666666763e-01 4.666666666666666879e-02 5.500000000000000444e-01
1.583333333333333259e-01 1.958333333333333315e-01 2.183333333333333237e-01 4.274999999999999911e-01
1.650000000000000078e-01 5.091666666666666563e-01 1.008333333333333304e-01 2.250000000000000056e-01
3.333333333333333148e-01 4.233333333333333393e-01 1.566666666666666763e-01 8.666666666666666963e-02
2.833333333333333259e-01 1.083333333333333370e-01 3.641666666666666941e-01 2.441666666666666707e-01
1.424999999999999878e-01 2.816666666666666763e-01 1.224999999999999978e-01 4.533333333333333104e-01
3.449999999999999734e-01 1.466666666666666674e-01 3.825000000000000067e-01 1.258333333333333248e-01
3.716666666666666452e-01 1.950000000000000067e-01 2.816666666666666763e-01 1.516666666666666718e-01
5.358333333333333837e-01 2.000000000000000042e-02 3.250000000000000111e-02 4.116666666666666807e-01
2.675000000000000155e-01 3.958333333333333148e-01 2.441666666666666707e-01 9.249999999999999889e-02
6.750000000000000444e-02 1.650000000000000078e-01 1.441666666666666652e-01 6.233333333333332948e-01
1.499999999999999944e-01 6.341666666666666563e-01 9.583333333333333981e-02 1.199999999999999956e-01
4.741666666666666807e-01 7.666666666666666075e-02 2.866666666666666807e-01 1.625000000000000056e-01
8.166666666666666519e-02 8.083333333333332649e-02 5.949999999999999734e-01 2.424999999999999933e-01
2.016666666666666607e-01 2.441666666666666707e-01 5.266666666666666163e-01 2.750000000000000014e-02
4.008333333333333193e-01 3.716666666666666452e-01 1.675000000000000100e-01 5.999999999999999778e-02
8.666666666666666963e-02 3.750000000000000000e-01 2.183333333333333237e-01 3.200000000000000067e-01
1.524999999999999967e-01 2.283333333333333326e-01 5.258333333333333748e-01 9.333333333333333759e-02
5.716666666666666563e-01 2.616666666666666585e-01 1.383333333333333359e-01 2.833333333333333190e-02
1.700000000000000122e-01 4.416666666666666657e-02 1.316666666666666541e-01 6.541666666666666741e-01
