2.783333333333333215e-01 5.191666666666666652e-01 4.833333333333333232e-02 1.541666666666666741e-01
1.224999999999999978e-01 1.233333333333333365e-01 5.183333333333333126e-01 2.358333333333333393e-01
2.166666666666666741e-01 1.383333333333333359e-01 4.533333333333333104e-01 1.916666666666666796e-01
5.416666666666666297e-01 2.116666666666666696e-01 2.074999999999999900e-01 3.916666666666666907e-02
2.991666666666666918e-01 5.666666666666666380e-02 1.116666666666666641e-01 5.324999999999999734e-01
2.166666666666666741e-02 1.983333333333333337e-01 4.908333333333333437e-01 2.891666666666666829e-01
4.666666666666666879e-02 1.541666666666666741e-01 1.058333333333333348e-01 6.933333333333333570e-01
4.899999999999999911e-01 8.749999999999999445e-02 1.566666666666666763e-01 2.658333333333333104e-01
2.841666666666666785e-01 3.599999999999999867e-01 1.524999999999999967e-01 2.033333333333333381e-01
8.083333333333332649e-02 1.341666666666666563e-01 1.300000000000000044e-01 6.550000000000000266e-01
1.375000000000000111e-01 3.841666666666666563e-01 1.116666666666666641e-01 3.666666666666666408e-01
6.250000000000000000e-02 2.091666666666666674e-01 5.883333333333333748e-01 1.400000000000000133e-01
1.216666666666666730e-01 3.474999999999999756e-01 4.050000000000000266e-01 1.258333333333333248e-01
1.325000000000000067e-01 4.883333333333333415e-01 6.250000000000000000e-02 3.166666666666666519e-01
4.116666666666666807e-01 8.333333333333332871e-02 1.650000000000000078e-01 3.400000000000000244e-01
1.758333333333333415e-01 1.524999999999999967e-01 5.083333333333333454e-02 6.208333333333333481e-01
2.791666666666666741e-01 3.008333333333333415e-01 6.083333333333333648e-02 3.591666666666666896e-01
1.508333333333333470e-01 2.149999999999999967e-01 3.608333333333333393e-01 2.733333333333333171e-01
4.000000000000000222e-01 4.041666666666666741e-01 5.750000000000000250e-02 1.383333333333333359e-01
2.666666666666666838e-02 1.625000000000000056e-01 7.183333333333333792e-01 9.249999999999999889e-02
3.716666666666666452e-01 9.750000000000000333e-02 4.174999999999999822e-01 1.133333333333333276e-01
3.049999999999999933e-01 1.566666666666666763e-01 2.066666666666666652e-01 3.316666666666666652e-01
4.675000000000000266e-01 1.616666666666666530e-01 9.666666666666666463e-02 2.741666666666666696e-01
