5.383333333333333304e-01 7.333333333333333370e-02 3.508333333333333304e-01 3.749999999999999861e-02
4.508333333333333082e-01 2.808333333333333237e-01 4.000000000000000083e-02 2.283333333333333326e-01
2.500000000000000139e-02 4.299999999999999933e-01 4.358333333333333504e-01 1.091666666666666619e-01
5.799999999999999600e-01 3.366666666666666696e-01 5.833333333333333426e-02 2.500000000000000139e-02
2.025000000000000133e-01 1.141666666666666663e-01 4.666666666666666741e-01 2.166666666666666741e-01
3.524999999999999800e-01 4.000000000000000083e-02 2.541666666666666519e-01 3.533333333333333326e-01
4.166666666666666852e-01 3.558333333333333348e-01 1.400000000000000133e-01 8.749999999999999445e-02
2.683333333333333126e-01 5.583333333333333204e-02 2.383333333333333415e-01 4.375000000000000000e-01
3.933333333333333126e-01 1.541666666666666741e-01 1.966666666666666563e-01 2.558333333333333570e-01
2.741666666666666696e-01 1.108333333333333393e-01 1.891666666666666774e-01 4.258333333333333415e-01
3.541666666666666852e-01 8.749999999999999445e-02 3.458333333333333259e-01 2.124999999999999944e-01
1.033333333333333326e-01 1.316666666666666541e-01 4.341666666666666452e-01 3.308333333333333126e-01
1.083333333333333370e-01 3.058333333333333459e-01 3.508333333333333304e-01 2.349999999999999867e-01
1.058333333333333348e-01 1.275000000000000022e-01 2.325000000000000122e-01 5.341666666666666785e-01
4.083333333333333259e-01 3.416666666666666741e-01 1.675000000000000100e-01 8.250000000000000389e-02
6.041666666666666297e-01 2.550000000000000044e-01 4.250000000000000305e-02 9.833333333333332815e-02
3.250000000000000111e-01 1.283333333333333270e-01 2.424999999999999933e-01 3.041666666666666408e-01
1.600000000000000033e-01 4.824999999999999845e-01 4.583333333333333010e-02 3.116666666666666474e-01
2.666666666666666630e-01 5.000000000000000278e-02 2.074999999999999900e-01 4.758333333333333304e-01
1.275000000000000022e-01 2.666666666666666838e-02 3.950000000000000178e-01 4.508333333333333082e-01
1.150000000000000050e-01 3.933333333333333126e-01 3.416666666666666741e-01 1.499999999999999944e-01
4.416666666666666657e-02 2.000000000000000042e-02 8.999999999999999667e-02 8.458333333333333259e-01
1.600000000000000033e-01 2.275000000000000078e-01 5.516666666666666385e-01 6.083333333333333648e-02
