6.624999999999999778e-01 7.749999999999999944e-02 2.383333333333333415e-01 2.166666666666666741e-02
1.766666666666666663e-01 1.474999999999999922e-01 2.708333333333333148e-01 4.050000000000000266e-01
2.783333333333333215e-01 5.999999999999999778e-02 5.541666666666666963e-01 1.074999999999999983e-01
2.974999999999999867e-01 1.416666666666666595e-02 5.600000000000000533e-01 1.283333333333333270e-01
3.466666666666666785e-01 1.433333333333333404e-01 3.058333333333333459e-01 2.041666666666666630e-01
1.566666666666666763e-01 4.874999999999999889e-01 2.608333333333333059e-01 9.500000000000000111e-02
1.474999999999999922e-01 2.016666666666666607e-01 1.375000000000000111e-01 5.133333333333333082e-01
6.058333333333333348e-01 9.416666666666666241e-02 8.833333333333333315e-02 2.116666666666666696e-01
4.949999999999999956e-01 4.000000000000000222e-01 5.500000000000000028e-02 5.000000000000000278e-02
3.666666666666666685e-02 3.291666666666666630e-01 4.591666666666666674e-01 1.749999999999999889e-01
2.116666666666666696e-01 4.283333333333333437e-01 2.441666666666666707e-01 1.158333333333333298e-01
1.483333333333333448e-01 5.141666666666666607e-01 1.966666666666666563e-01 1.408333333333333381e-01
2.575000000000000067e-01 2.241666666666666530e-01 1.716666666666666619e-01 3.466666666666666785e-01
8.666666666666666963e-02 1.325000000000000067e-01 1.900000000000000022e-01 5.908333333333333215e-01
3.866666666666666585e-01 1.824999999999999956e-01 1.333333333333333315e-01 2.974999999999999867e-01
1.408333333333333381e-01 6.750000000000000444e-02 7.075000000000000178e-01 8.416666666666666741e-02
2.099999999999999922e-01 3.508333333333333304e-01 2.149999999999999967e-01 2.241666666666666530e-01
8.583333333333333093e-02 2.458333333333333204e-01 1.166666666666666685e-01 5.516666666666666385e-01
8.833333333333333315e-02 3.091666666666666452e-01 3.925000000000000155e-01 2.099999999999999922e-01
5.416666666666666852e-02 6.558333333333333792e-01 4.666666666666666879e-02 2.433333333333333459e-01
6.125000000000000444e-01 1.216666666666666730e-01 8.583333333333333093e-02 1.799999999999999933e-01
4.974999999999999978e-01 2.000000000000000111e-01 1.400000000000000133e-01 1.625000000000000056e-01
3.150000000000000022e-01 3.016666666666666941e-01 5.666666666666666380e-02 3.266666666666666607e-01
