1.308333333333333293e-01 5.474999999999999867e-01 2.391666666666666663e-01 8.250000000000000389e-02
3.066666666666666430e-01 3.333333333333333287e-02 6.341666666666666563e-01 2.583333333333333315e-02
6.641666666666666829e-01 5.500000000000000028e-02 2.091666666666666674e-01 7.166666666666667018e-02
2.083333333333333426e-01 3.716666666666666452e-01 2.849999999999999756e-01 1.350000000000000089e-01
3.083333333333333412e-02 3.950000000000000178e-01 1.391666666666666607e-01 4.349999999999999978e-01
1.583333333333333467e-02 3.041666666666666408e-01 1.766666666666666663e-01 5.033333333333332993e-01
1.883333333333333248e-01 1.408333333333333381e-01 5.783333333333333659e-01 9.249999999999999889e-02
2.308333333333333348e-01 2.374999999999999889e-01 4.500000000000000111e-01 8.166666666666666519e-02
2.049999999999999878e-01 4.333333333333333481e-01 1.150000000000000050e-01 2.466666666666666730e-01
2.433333333333333459e-01 2.758333333333333193e-01 2.500000000000000052e-03 4.783333333333333326e-01
6.833333333333332926e-02 5.191666666666666652e-01 8.333333333333333218e-03 4.041666666666666741e-01
2.566666666666666541e-01 1.816666666666666707e-01 3.241666666666666585e-01 2.374999999999999889e-01
1.833333333333333204e-01 2.149999999999999967e-01 2.883333333333333304e-01 3.133333333333333526e-01
4.108333333333333282e-01 1.858333333333333226e-01 3.441666666666666763e-01 5.916666666666666602e-02
2.675000000000000155e-01 3.658333333333333437e-01 2.483333333333333226e-01 1.183333333333333320e-01
4.733333333333333282e-01 8.999999999999999667e-02 3.641666666666666941e-01 7.249999999999999500e-02
4.750000000000000056e-02 3.358333333333333171e-01 8.333333333333333868e-04 6.158333333333333437e-01
3.008333333333333415e-01 7.416666666666667240e-02 1.408333333333333381e-01 4.841666666666666896e-01
2.983333333333333393e-01 4.058333333333333237e-01 9.750000000000000333e-02 1.983333333333333337e-01
2.525000000000000022e-01 2.616666666666666585e-01 2.216666666666666785e-01 2.641666666666666607e-01
4.000000000000000083e-02 2.466666666666666730e-01 1.150000000000000050e-01 5.983333333333333837e-01
2.291666666666666574e-01 2.591666666666666563e-01 4.166666666666666852e-01 9.500000000000000111e-02
