3.666666666666666408e-01 4.816666666666666874e-01 7.166666666666667018e-02 8.000000000000000167e-02
1.166666666666666720e-02 5.466666666666666341e-01 2.491666666666666752e-01 1.925000000000000044e-01
2.149999999999999967e-01 4.833333333333333232e-02 6.624999999999999778e-01 7.416666666666667240e-02
5.541666666666666963e-01 2.625000000000000111e-01 9.583333333333333981e-02 8.749999999999999445e-02
2.666666666666666838e-02 3.666666666666666685e-02 3.358333333333333171e-01 6.008333333333333304e-01
5.291666666666666741e-01 1.133333333333333276e-01 2.808333333333333237e-01 7.666666666666666075e-02
8.916666666666667185e-02 4.000000000000000083e-02 4.699999999999999734e-01 4.008333333333333193e-01
5.891666666666666163e-01 2.491666666666666752e-01 1.516666666666666718e-01 1.000000000000000021e-02
3.991666666666666696e-01 3.416666666666666463e-02 4.708333333333333259e-01 9.583333333333333981e-02
1.733333333333333393e-01 4.041666666666666741e-01 1.466666666666666674e-01 2.758333333333333193e-01
2.049999999999999878e-01 2.874999999999999778e-01 3.549999999999999822e-01 1.524999999999999967e-01
4.158333333333333326e-01 1.308333333333333293e-01 1.833333333333333204e-01 2.700000000000000178e-01
3.775000000000000022e-01 2.174999999999999989e-01 2.700000000000000178e-01 1.350000000000000089e-01
4.274999999999999911e-01 5.250000000000000222e-01 1.416666666666666595e-02 3.333333333333333287e-02
2.416666666666666616e-02 3.266666666666666607e-01 1.933333333333333293e-01 4.558333333333333126e-01
2.000000000000000111e-01 3.308333333333333126e-01 3.200000000000000067e-01 1.491666666666666696e-01
1.799999999999999933e-01 1.724999999999999867e-01 2.675000000000000155e-01 3.800000000000000044e-01
