2.083333333333333218e-02 5.224999999999999645e-01 3.549999999999999822e-01 1.016666666666666691e-01
1.733333333333333393e-01 1.891666666666666774e-01 3.750000000000000000e-01 2.625000000000000111e-01
3.083333333333333481e-01 4.824999999999999845e-01 1.658333333333333326e-01 4.333333333333333481e-02
4.299999999999999933e-01 1.666666666666666774e-03 2.399999999999999911e-01 3.283333333333333104e-01
5.516666666666666385e-01 3.083333333333333412e-02 1.133333333333333276e-01 3.041666666666666408e-01
4.824999999999999845e-01 7.499999999999999722e-02 2.349999999999999867e-01 2.074999999999999900e-01
3.633333333333333415e-01 8.749999999999999445e-02 3.074999999999999956e-01 2.416666666666666685e-01
4.008333333333333193e-01 2.058333333333333404e-01 1.600000000000000033e-01 2.333333333333333370e-01
2.141666666666666718e-01 2.066666666666666652e-01 1.000000000000000021e-02 5.691666666666667096e-01
2.358333333333333393e-01 2.474999999999999978e-01 3.449999999999999734e-01 1.716666666666666619e-01
2.333333333333333370e-01 3.441666666666666763e-01 2.949999999999999845e-01 1.275000000000000022e-01
1.575000000000000011e-01 2.824999999999999734e-01 1.275000000000000022e-01 4.324999999999999956e-01
2.058333333333333404e-01 4.525000000000000133e-01 7.166666666666667018e-02 2.700000000000000178e-01
2.849999999999999756e-01 5.166666666666666630e-02 2.966666666666666896e-01 3.666666666666666408e-01
5.866666666666666696e-01 2.091666666666666674e-01 5.833333333333333599e-03 1.983333333333333337e-01
1.091666666666666619e-01 2.583333333333333315e-02 1.183333333333333320e-01 7.466666666666667007e-01
1.975000000000000089e-01 5.583333333333333481e-01 1.849999999999999978e-01 5.916666666666666602e-02
1.316666666666666541e-01 7.749999999999999944e-02 5.166666666666667185e-01 2.741666666666666696e-01
2.866666666666666807e-01 1.291666666666666796e-01 3.383333333333333193e-01 2.458333333333333204e-01
5.000000000000000000e-01 2.241666666666666530e-01 2.166666666666666741e-01 5.916666666666666602e-02
5.666666666666666380e-02 2.691666666666666652e-01 3.724999999999999978e-01 3.016666666666666941e-01
4.899999999999999911e-01 2.216666666666666785e-01 1.350000000000000089e-01 1.533333333333333215e-01
1.575000000000000011e-01 7.749999999999999944e-02 4.924999999999999933e-01 2.725000000000000200e-01
