4.583333333333333010e-02 1.766666666666666663e-01 2.308333333333333348e-01 5.466666666666666341e-01
1.516666666666666718e-01 2.750000000000000014e-02 2.525000000000000022e-01 5.683333333333333570e-01
3.041666666666666408e-01 4.166666666666666435e-02 1.950000000000000067e-01 4.591666666666666674e-01
3.608333333333333393e-01 4.416666666666666657e-02 2.841666666666666785e-01 3.108333333333333504e-01
1.491666666666666696e-01 4.366666666666666474e-01 3.083333333333333481e-01 1.058333333333333348e-01
3.216666666666666563e-01 1.524999999999999967e-01 2.858333333333333282e-01 2.399999999999999911e-01
6.975000000000000089e-01 2.000000000000000042e-02 2.616666666666666585e-01 2.083333333333333218e-02
1.758333333333333415e-01 3.900000000000000133e-01 1.024999999999999939e-01 3.316666666666666652e-01
1.916666666666666796e-01 4.216666666666666896e-01 1.250000000000000069e-02 3.741666666666666474e-01
7.616666666666667140e-01 6.666666666666667095e-03 1.716666666666666619e-01 5.999999999999999778e-02
1.508333333333333470e-01 5.450000000000000400e-01 2.083333333333333218e-02 2.833333333333333259e-01
2.266666666666666552e-01 1.449999999999999900e-01 4.299999999999999933e-01 1.983333333333333337e-01
2.916666666666666713e-02 4.699999999999999734e-01 3.649999999999999911e-01 1.358333333333333337e-01
3.166666666666666935e-02 3.333333333333333148e-01 1.400000000000000133e-01 4.949999999999999956e-01
2.258333333333333304e-01 4.874999999999999889e-01 1.191666666666666707e-01 1.675000000000000100e-01
6.916666666666666796e-02 1.791666666666666685e-01 6.541666666666666741e-01 9.750000000000000333e-02
3.049999999999999933e-01 1.816666666666666707e-01 3.925000000000000155e-01 1.208333333333333343e-01
