5.141666666666666607e-01 1.275000000000000022e-01 8.500000000000000611e-02 2.733333333333333171e-01
2.258333333333333304e-01 4.824999999999999845e-01 6.833333333333332926e-02 2.233333333333333282e-01
3.241666666666666585e-01 1.275000000000000022e-01 4.324999999999999956e-01 1.158333333333333298e-01
4.441666666666666541e-01 2.500000000000000000e-01 2.500000000000000000e-01 5.583333333333333204e-02
1.008333333333333304e-01 2.441666666666666707e-01 5.891666666666666163e-01 6.583333333333332704e-02
1.491666666666666696e-01 2.608333333333333059e-01 7.499999999999999722e-02 5.150000000000000133e-01
2.433333333333333459e-01 3.291666666666666630e-01 3.875000000000000111e-01 4.000000000000000083e-02
1.541666666666666741e-01 1.625000000000000056e-01 5.100000000000000089e-01 1.733333333333333393e-01
1.516666666666666718e-01 4.816666666666666874e-01 1.841666666666666730e-01 1.824999999999999956e-01
5.591666666666667007e-01 1.141666666666666663e-01 1.108333333333333393e-01 2.158333333333333215e-01
2.800000000000000266e-01 1.108333333333333393e-01 1.316666666666666541e-01 4.774999999999999800e-01
2.916666666666666852e-01 4.091666666666666785e-01 2.550000000000000044e-01 4.416666666666666657e-02
1.125000000000000028e-01 7.083333333333333148e-02 4.174999999999999822e-01 3.991666666666666696e-01
6.458333333333333703e-01 9.083333333333333537e-02 1.133333333333333276e-01 1.499999999999999944e-01
5.783333333333333659e-01 6.750000000000000444e-02 2.083333333333333426e-01 1.458333333333333426e-01
1.958333333333333315e-01 2.000000000000000042e-02 1.366666666666666585e-01 6.474999999999999645e-01
3.416666666666666741e-01 2.700000000000000178e-01 2.491666666666666752e-01 1.391666666666666607e-01
8.250000000000000389e-02 1.991666666666666585e-01 4.366666666666666474e-01 2.816666666666666763e-01
2.958333333333333370e-01 5.625000000000000000e-01 4.916666666666666408e-02 9.249999999999999889e-02
6.199999999999999956e-01 1.508333333333333470e-01 6.333333333333333870e-02 1.658333333333333326e-01
1.191666666666666707e-01 4.566666666666666652e-01 6.333333333333333870e-02 3.608333333333333393e-01
2.666666666666666630e-01 3.383333333333333193e-01 2.158333333333333215e-01 1.791666666666666685e-01
