1.483333333333333448e-01 3.166666666666666935e-02 5.291666666666666741e-01 2.908333333333333326e-01
2.833333333333333190e-02 5.799999999999999600e-01 2.991666666666666918e-01 9.249999999999999889e-02
7.666666666666667185e-01 9.166666666666666019e-02 8.333333333333333868e-04 1.408333333333333381e-01
1.933333333333333293e-01 1.716666666666666619e-01 3.641666666666666941e-01 2.708333333333333148e-01
1.408333333333333381e-01 3.233333333333333059e-01 1.199999999999999956e-01 4.158333333333333326e-01
2.908333333333333326e-01 5.274999999999999689e-01 1.433333333333333404e-01 3.833333333333333037e-02
2.833333333333333190e-02 6.483333333333333171e-01 2.716666666666666674e-01 5.166666666666666630e-02
4.050000000000000266e-01 3.250000000000000111e-02 1.375000000000000111e-01 4.249999999999999889e-01
2.666666666666666630e-01 2.725000000000000200e-01 1.983333333333333337e-01 2.625000000000000111e-01
2.808333333333333237e-01 3.716666666666666452e-01 1.150000000000000050e-01 2.325000000000000122e-01
3.366666666666666696e-01 1.383333333333333359e-01 2.183333333333333237e-01 3.066666666666666430e-01
2.250000000000000056e-01 3.024999999999999911e-01 2.775000000000000244e-01 1.950000000000000067e-01
2.966666666666666896e-01 2.166666666666666741e-01 1.716666666666666619e-01 3.150000000000000022e-01
7.583333333333333592e-02 3.616666666666666918e-01 2.583333333333333315e-02 5.366666666666666252e-01
1.191666666666666707e-01 4.699999999999999734e-01 2.874999999999999778e-01 1.233333333333333365e-01
6.616666666666666252e-01 1.616666666666666530e-01 4.250000000000000305e-02 1.341666666666666563e-01
4.166666666666666435e-02 2.108333333333333448e-01 3.699999999999999956e-01 3.775000000000000022e-01
3.150000000000000022e-01 2.291666666666666574e-01 4.274999999999999911e-01 2.833333333333333190e-02
8.833333333333333315e-02 2.174999999999999989e-01 5.358333333333333837e-01 1.583333333333333259e-01
4.433333333333333570e-01 1.474999999999999922e-01 6.583333333333332704e-02 3.433333333333333237e-01
1.100000000000000006e-01 7.241666666666666252e-01 5.249999999999999806e-02 1.133333333333333276e-01
2.124999999999999944e-01 3.433333333333333237e-01 1.600000000000000033e-01 2.841666666666666785e-01
