2.775000000000000244e-01 1.750000000000000167e-02 2.733333333333333171e-01 4.316666666666666430e-01
1.491666666666666696e-01 5.291666666666666741e-01 2.783333333333333215e-01 4.333333333333333481e-02
4.000000000000000083e-02 6.516666666666666163e-01 5.083333333333333454e-02 2.575000000000000067e-01
2.750000000000000014e-02 4.258333333333333415e-01 3.133333333333333526e-01 2.333333333333333370e-01
1.941666666666666541e-01 2.916666666666666852e-01 2.775000000000000244e-01 2.366666666666666641e-01
3.191666666666666541e-01 2.333333333333333440e-02 1.558333333333333237e-01 5.016666666666667052e-01
4.791666666666666852e-01 7.333333333333333370e-02 2.458333333333333204e-01 2.016666666666666607e-01
8.333333333333333868e-04 1.208333333333333343e-01 2.516666666666666496e-01 6.266666666666667052e-01
6.833333333333332926e-02 1.875000000000000000e-01 5.550000000000000488e-01 1.891666666666666774e-01
8.333333333333333218e-03 3.833333333333333592e-01 3.608333333333333393e-01 2.474999999999999978e-01
3.749999999999999861e-02 1.358333333333333337e-01 7.275000000000000355e-01 9.916666666666666685e-02
4.508333333333333082e-01 2.158333333333333215e-01 2.766666666666666718e-01 5.666666666666666380e-02
4.050000000000000266e-01 1.108333333333333393e-01 3.108333333333333504e-01 1.733333333333333393e-01
2.233333333333333282e-01 1.541666666666666741e-01 1.758333333333333415e-01 4.466666666666666563e-01
5.858333333333333171e-01 1.925000000000000044e-01 5.000000000000000278e-02 1.716666666666666619e-01
1.008333333333333304e-01 4.174999999999999822e-01 6.583333333333332704e-02 4.158333333333333326e-01
4.741666666666666807e-01 3.325000000000000178e-01 3.666666666666666685e-02 1.566666666666666763e-01
5.750000000000000250e-02 1.549999999999999989e-01 3.175000000000000044e-01 4.699999999999999734e-01
2.816666666666666763e-01 1.791666666666666685e-01 1.675000000000000100e-01 3.716666666666666452e-01
2.074999999999999900e-01 2.349999999999999867e-01 3.791666666666666519e-01 1.783333333333333437e-01
