2.116666666666666696e-01 2.800000000000000266e-01 4.499999999999999833e-02 4.633333333333333193e-01
3.691666666666666430e-01 1.150000000000000050e-01 3.133333333333333526e-01 2.025000000000000133e-01
2.241666666666666530e-01 4.258333333333333415e-01 1.058333333333333348e-01 2.441666666666666707e-01
1.791666666666666685e-01 5.791666666666667185e-01 9.916666666666666685e-02 1.424999999999999878e-01
2.916666666666666713e-02 5.558333333333332904e-01 2.158333333333333215e-01 1.991666666666666585e-01
5.191666666666666652e-01 2.891666666666666829e-01 7.583333333333333592e-02 1.158333333333333298e-01
1.108333333333333393e-01 3.950000000000000178e-01 8.250000000000000389e-02 4.116666666666666807e-01
4.949999999999999956e-01 2.241666666666666530e-01 1.625000000000000056e-01 1.183333333333333320e-01
1.049999999999999961e-01 5.658333333333332993e-01 8.083333333333332649e-02 2.483333333333333226e-01
4.000000000000000083e-02 6.500000000000000222e-02 7.349999999999999867e-01 1.600000000000000033e-01
1.600000000000000033e-01 1.824999999999999956e-01 5.050000000000000044e-01 1.524999999999999967e-01
5.999999999999999778e-01 5.416666666666666852e-02 1.975000000000000089e-01 1.483333333333333448e-01
4.316666666666666430e-01 3.433333333333333237e-01 6.666666666666667095e-03 2.183333333333333237e-01
1.041666666666666713e-01 6.083333333333333648e-02 1.583333333333333259e-01 6.766666666666666385e-01
1.283333333333333270e-01 2.525000000000000022e-01 4.983333333333333504e-01 1.208333333333333343e-01
6.750000000000000444e-02 1.116666666666666641e-01 1.616666666666666530e-01 6.591666666666666785e-01
1.424999999999999878e-01 6.333333333333333037e-01 9.666666666666666463e-02 1.275000000000000022e-01
