5.050000000000000044e-01 7.916666666666666297e-02 4.074999999999999734e-01 8.333333333333333218e-03
1.250000000000000000e-01 4.500000000000000111e-01 2.683333333333333126e-01 1.566666666666666763e-01
1.016666666666666691e-01 5.000000000000000104e-03 1.875000000000000000e-01 7.058333333333333126e-01
3.724999999999999978e-01 1.816666666666666707e-01 1.166666666666666685e-01 3.291666666666666630e-01
3.591666666666666896e-01 2.849999999999999756e-01 2.608333333333333059e-01 9.500000000000000111e-02
3.749999999999999861e-02 3.308333333333333126e-01 4.266666666666666941e-01 2.049999999999999878e-01
1.033333333333333326e-01 3.333333333333333148e-01 5.333333333333333676e-02 5.100000000000000089e-01
7.666666666666666075e-02 2.708333333333333148e-01 4.808333333333333348e-01 1.716666666666666619e-01
5.708333333333333037e-01 9.583333333333333981e-02 8.583333333333333093e-02 2.474999999999999978e-01
8.500000000000000611e-02 5.291666666666666741e-01 3.141666666666666496e-01 7.166666666666667018e-02
7.499999999999999722e-03 6.833333333333333481e-01 1.491666666666666696e-01 1.600000000000000033e-01
4.408333333333333548e-01 3.141666666666666496e-01 1.366666666666666585e-01 1.083333333333333370e-01
2.183333333333333237e-01 1.583333333333333259e-01 5.675000000000000044e-01 5.583333333333333204e-02
7.958333333333332815e-01 1.074999999999999983e-01 4.250000000000000305e-02 5.416666666666666852e-02
3.308333333333333126e-01 3.341666666666666674e-01 2.824999999999999734e-01 5.249999999999999806e-02
9.333333333333333759e-02 4.708333333333333259e-01 2.808333333333333237e-01 1.549999999999999989e-01
3.616666666666666918e-01 4.816666666666666874e-01 5.583333333333333204e-02 1.008333333333333304e-01
3.125000000000000000e-01 1.658333333333333326e-01 2.283333333333333326e-01 2.933333333333333348e-01
