4.016666666666666718e-01 9.249999999999999889e-02 4.641666666666666718e-01 4.166666666666666435e-02
2.791666666666666741e-01 1.416666666666666595e-02 1.116666666666666641e-01 5.949999999999999734e-01
2.283333333333333326e-01 1.291666666666666796e-01 5.916666666666666741e-01 5.083333333333333454e-02
4.124999999999999778e-01 1.108333333333333393e-01 4.133333333333333304e-01 6.333333333333333870e-02
4.625000000000000222e-01 1.608333333333333282e-01 2.241666666666666530e-01 1.524999999999999967e-01
1.733333333333333393e-01 1.058333333333333348e-01 5.816666666666666652e-01 1.391666666666666607e-01
2.808333333333333237e-01 8.250000000000000389e-02 8.916666666666667185e-02 5.474999999999999867e-01
1.691666666666666596e-01 2.158333333333333215e-01 1.900000000000000022e-01 4.249999999999999889e-01
5.775000000000000133e-01 1.416666666666666595e-02 2.449999999999999956e-01 1.633333333333333304e-01
5.999999999999999778e-02 2.741666666666666696e-01 3.458333333333333259e-01 3.200000000000000067e-01
3.391666666666666718e-01 2.449999999999999956e-01 1.233333333333333365e-01 2.924999999999999822e-01
4.124999999999999778e-01 2.849999999999999756e-01 1.966666666666666563e-01 1.058333333333333348e-01
6.416666666666666352e-02 2.191666666666666763e-01 4.849999999999999867e-01 2.316666666666666596e-01
2.641666666666666607e-01 4.050000000000000266e-01 1.308333333333333293e-01 2.000000000000000111e-01
3.516666666666666829e-01 1.758333333333333415e-01 2.333333333333333440e-02 4.491666666666666585e-01
9.249999999999999889e-02 6.408333333333333659e-01 1.000000000000000021e-02 2.566666666666666541e-01
2.583333333333333315e-02 1.383333333333333359e-01 4.658333333333333215e-01 3.699999999999999956e-01
2.841666666666666785e-01 1.416666666666666630e-01 4.291666666666666408e-01 1.449999999999999900e-01
1.058333333333333348e-01 2.233333333333333282e-01 1.375000000000000111e-01 5.333333333333333259e-01
1.716666666666666619e-01 4.899999999999999911e-01 3.333333333333333148e-01 5.000000000000000104e-03
1.333333333333333315e-01 1.250000000000000000e-01 3.466666666666666785e-01 3.950000000000000178e-01
2.508333333333333526e-01 3.033333333333333437e-01 1.549999999999999989e-01 2.908333333333333326e-01
5.975000000000000311e-01 1.250000000000000000e-01 1.516666666666666718e-01 1.258333333333333248e-01
