4.575000000000000178e-01 1.575000000000000011e-01 5.583333333333333204e-02 3.291666666666666630e-01
2.374999999999999889e-01 1.641666666666666552e-01 4.949999999999999956e-01 1.033333333333333326e-01
3.599999999999999867e-01 4.774999999999999800e-01 6.666666666666667095e-03 1.558333333333333237e-01
7.249999999999999500e-02 1.749999999999999889e-01 6.574999999999999734e-01 9.500000000000000111e-02
1.575000000000000011e-01 1.566666666666666763e-01 7.083333333333333148e-02 6.149999999999999911e-01
4.866666666666666918e-01 1.966666666666666563e-01 1.008333333333333304e-01 2.158333333333333215e-01
9.333333333333333759e-02 6.216666666666667007e-01 2.608333333333333059e-01 2.416666666666666616e-02
3.733333333333333504e-01 4.000000000000000083e-02 1.000000000000000056e-01 4.866666666666666918e-01
6.600000000000000311e-01 8.000000000000000167e-02 1.350000000000000089e-01 1.250000000000000000e-01
3.500000000000000333e-02 5.791666666666667185e-01 2.258333333333333304e-01 1.600000000000000033e-01
6.083333333333333648e-02 4.516666666666666607e-01 3.024999999999999911e-01 1.849999999999999978e-01
6.708333333333332815e-01 5.916666666666666602e-02 1.933333333333333293e-01 7.666666666666666075e-02
1.233333333333333365e-01 6.500000000000000222e-02 2.800000000000000266e-01 5.316666666666666208e-01
7.583333333333333592e-02 2.458333333333333204e-01 1.675000000000000100e-01 5.108333333333333615e-01
1.333333333333333315e-01 2.491666666666666752e-01 3.508333333333333304e-01 2.666666666666666630e-01
2.775000000000000244e-01 1.708333333333333370e-01 1.224999999999999978e-01 4.291666666666666408e-01
6.916666666666666796e-02 5.858333333333333171e-01 2.741666666666666696e-01 7.083333333333333148e-02
