5.208333333333333703e-01 6.416666666666666352e-02 3.674999999999999933e-01 4.750000000000000056e-02
3.283333333333333104e-01 1.658333333333333326e-01 2.200000000000000011e-01 2.858333333333333282e-01
2.874999999999999778e-01 1.741666666666666641e-01 2.258333333333333304e-01 3.125000000000000000e-01
1.741666666666666641e-01 4.733333333333333282e-01 3.408333333333333215e-01 1.166666666666666720e-02
1.133333333333333276e-01 3.891666666666666607e-01 4.133333333333333304e-01 8.416666666666666741e-02
2.516666666666666496e-01 1.158333333333333298e-01 3.733333333333333504e-01 2.591666666666666563e-01
1.791666666666666685e-01 2.999999999999999889e-01 3.925000000000000155e-01 1.283333333333333270e-01
1.849999999999999978e-01 1.666666666666666644e-02 1.316666666666666541e-01 6.666666666666666297e-01
1.150000000000000050e-01 3.300000000000000155e-01 2.333333333333333370e-01 3.216666666666666563e-01
5.949999999999999734e-01 1.250000000000000000e-01 2.275000000000000078e-01 5.249999999999999806e-02
1.424999999999999878e-01 1.524999999999999967e-01 3.391666666666666718e-01 3.658333333333333437e-01
1.641666666666666552e-01 4.499999999999999833e-02 6.650000000000000355e-01 1.258333333333333248e-01
4.566666666666666652e-01 2.049999999999999878e-01 2.424999999999999933e-01 9.583333333333333981e-02
7.000000000000000666e-02 4.916666666666666408e-01 3.733333333333333504e-01 6.500000000000000222e-02
8.250000000000000389e-02 2.374999999999999889e-01 2.033333333333333381e-01 4.766666666666666829e-01
6.925000000000000044e-01 1.141666666666666663e-01 1.424999999999999878e-01 5.083333333333333454e-02
4.833333333333333232e-02 5.849999999999999645e-01 3.408333333333333215e-01 2.583333333333333315e-02
7.033333333333333659e-01 8.000000000000000167e-02 9.666666666666666463e-02 1.199999999999999956e-01
