1.166666666666666685e-01 2.000000000000000042e-02 4.741666666666666807e-01 3.891666666666666607e-01
3.358333333333333171e-01 2.225000000000000033e-01 2.124999999999999944e-01 2.291666666666666574e-01
4.416666666666666519e-01 1.641666666666666552e-01 1.066666666666666735e-01 2.874999999999999778e-01
1.224999999999999978e-01 4.533333333333333104e-01 1.016666666666666691e-01 3.225000000000000089e-01
2.266666666666666552e-01 7.083333333333333148e-02 2.408333333333333437e-01 4.616666666666666696e-01
9.583333333333333981e-02 5.558333333333332904e-01 3.183333333333333570e-01 2.999999999999999889e-02
9.916666666666666685e-02 1.058333333333333348e-01 7.433333333333332904e-01 5.166666666666666630e-02
4.250000000000000305e-02 1.474999999999999922e-01 1.724999999999999867e-01 6.374999999999999556e-01
3.766666666666666496e-01 2.133333333333333470e-01 1.441666666666666652e-01 2.658333333333333104e-01
1.791666666666666685e-01 3.699999999999999956e-01 2.033333333333333381e-01 2.474999999999999978e-01
1.833333333333333204e-01 2.266666666666666552e-01 3.183333333333333570e-01 2.716666666666666674e-01
5.341666666666666785e-01 1.100000000000000006e-01 2.541666666666666519e-01 1.016666666666666691e-01
1.141666666666666663e-01 1.908333333333333270e-01 5.616666666666666474e-01 1.333333333333333315e-01
1.608333333333333282e-01 2.041666666666666630e-01 2.166666666666666741e-02 6.133333333333332860e-01
4.949999999999999956e-01 9.750000000000000333e-02 1.108333333333333393e-01 2.966666666666666896e-01
1.000000000000000056e-01 5.500000000000000444e-01 2.424999999999999933e-01 1.074999999999999983e-01
4.208333333333333370e-01 1.783333333333333437e-01 2.166666666666666741e-01 1.841666666666666730e-01
2.474999999999999978e-01 2.091666666666666674e-01 4.724999999999999756e-01 7.083333333333333148e-02
7.208333333333333259e-01 5.500000000000000028e-02 4.583333333333333010e-02 1.783333333333333437e-01
2.216666666666666785e-01 2.516666666666666496e-01 4.308333333333333459e-01 9.583333333333333981e-02
