4.974999999999999978e-01 2.966666666666666896e-01 1.449999999999999900e-01 6.083333333333333648e-02
8.583333333333333093e-02 2.083333333333333426e-01 5.133333333333333082e-01 1.925000000000000044e-01
7.416666666666667240e-02 2.991666666666666918e-01 3.583333333333333509e-02 5.908333333333333215e-01
3.649999999999999911e-01 1.325000000000000067e-01 2.166666666666666741e-01 2.858333333333333282e-01
1.891666666666666774e-01 1.333333333333333315e-01 3.674999999999999933e-01 3.099999999999999978e-01
1.558333333333333237e-01 3.825000000000000067e-01 7.666666666666666075e-02 3.850000000000000089e-01
4.550000000000000155e-01 7.333333333333333370e-02 3.733333333333333504e-01 9.833333333333332815e-02
1.666666666666666774e-03 4.608333333333333171e-01 3.941666666666666652e-01 1.433333333333333404e-01
3.524999999999999800e-01 3.833333333333333037e-02 3.200000000000000067e-01 2.891666666666666829e-01
1.141666666666666663e-01 2.991666666666666918e-01 4.833333333333333232e-02 5.383333333333333304e-01
5.741666666666667140e-01 1.716666666666666619e-01 5.083333333333333454e-02 2.033333333333333381e-01
9.583333333333333981e-02 3.433333333333333237e-01 7.833333333333333814e-02 4.824999999999999845e-01
2.500000000000000000e-01 2.099999999999999922e-01 5.308333333333333792e-01 9.166666666666666713e-03
1.008333333333333304e-01 2.650000000000000133e-01 1.833333333333333343e-02 6.158333333333333437e-01
8.333333333333333868e-04 5.200000000000000178e-01 3.816666666666666541e-01 9.750000000000000333e-02
1.024999999999999939e-01 2.000000000000000111e-01 4.500000000000000111e-01 2.474999999999999978e-01
2.508333333333333526e-01 4.441666666666666541e-01 2.108333333333333448e-01 9.416666666666666241e-02
8.500000000000000611e-02 1.041666666666666713e-01 6.474999999999999645e-01 1.633333333333333304e-01
3.333333333333333287e-02 2.216666666666666785e-01 3.275000000000000133e-01 4.174999999999999822e-01
