1.074999999999999983e-01 3.741666666666666474e-01 1.583333333333333467e-02 5.024999999999999467e-01
1.208333333333333343e-01 2.074999999999999900e-01 3.791666666666666519e-01 2.924999999999999822e-01
1.808333333333333459e-01 9.166666666666666019e-02 5.574999999999999956e-01 1.700000000000000122e-01
2.625000000000000111e-01 1.258333333333333248e-01 3.624999999999999889e-01 2.491666666666666752e-01
2.849999999999999756e-01 1.183333333333333320e-01 3.875000000000000111e-01 2.091666666666666674e-01
3.416666666666666463e-02 5.408333333333333881e-01 2.083333333333333218e-02 4.041666666666666741e-01
6.541666666666666741e-01 3.333333333333333287e-02 1.883333333333333248e-01 1.241666666666666613e-01
5.500000000000000444e-01 2.408333333333333437e-01 1.408333333333333381e-01 6.833333333333332926e-02
3.333333333333333287e-02 3.891666666666666607e-01 4.849999999999999867e-01 9.249999999999999889e-02
1.591666666666666785e-01 2.741666666666666696e-01 3.316666666666666652e-01 2.349999999999999867e-01
1.141666666666666663e-01 6.250000000000000000e-02 5.999999999999999778e-02 7.633333333333333082e-01
6.416666666666667185e-01 1.583333333333333467e-02 5.666666666666666380e-02 2.858333333333333282e-01
3.108333333333333504e-01 1.791666666666666685e-01 3.875000000000000111e-01 1.224999999999999978e-01
2.816666666666666763e-01 9.916666666666666685e-02 5.441666666666666874e-01 7.499999999999999722e-02
2.816666666666666763e-01 4.224999999999999867e-01 7.916666666666666297e-02 2.166666666666666741e-01
3.366666666666666696e-01 3.008333333333333415e-01 1.333333333333333419e-02 3.491666666666666807e-01
1.516666666666666718e-01 3.449999999999999734e-01 3.033333333333333437e-01 2.000000000000000111e-01
2.683333333333333126e-01 1.474999999999999922e-01 3.133333333333333526e-01 2.708333333333333148e-01
3.375000000000000222e-01 1.833333333333333204e-01 1.133333333333333276e-01 3.658333333333333437e-01
2.074999999999999900e-01 1.483333333333333448e-01 1.758333333333333415e-01 4.683333333333333237e-01
2.733333333333333171e-01 4.808333333333333348e-01 7.166666666666667018e-02 1.741666666666666641e-01
1.708333333333333370e-01 4.500000000000000111e-01 3.633333333333333415e-01 1.583333333333333467e-02
