5.008333333333333526e-01 2.733333333333333171e-01 1.908333333333333270e-01 3.500000000000000333e-02
2.091666666666666674e-01 3.683333333333333459e-01 1.375000000000000111e-01 2.849999999999999756e-01
3.258333333333333082e-01 1.866666666666666752e-01 1.266666666666666774e-01 3.608333333333333393e-01
1.116666666666666641e-01 2.641666666666666607e-01 1.891666666666666774e-01 4.349999999999999978e-01
1.024999999999999939e-01 4.083333333333333259e-02 5.466666666666666341e-01 3.099999999999999978e-01
6.091666666666666341e-01 1.508333333333333470e-01 2.258333333333333304e-01 1.416666666666666595e-02
1.841666666666666730e-01 3.808333333333333570e-01 3.175000000000000044e-01 1.174999999999999933e-01
9.750000000000000333e-02 1.625000000000000056e-01 7.116666666666666696e-01 2.833333333333333190e-02
6.666666666666667095e-03 3.749999999999999861e-02 4.108333333333333282e-01 5.450000000000000400e-01
1.700000000000000122e-01 2.883333333333333304e-01 4.525000000000000133e-01 8.916666666666667185e-02
3.333333333333333287e-02 2.558333333333333570e-01 1.600000000000000033e-01 5.508333333333332860e-01
1.133333333333333276e-01 3.125000000000000000e-01 4.633333333333333193e-01 1.108333333333333393e-01
5.574999999999999956e-01 2.816666666666666763e-01 1.183333333333333320e-01 4.250000000000000305e-02
2.783333333333333215e-01 1.483333333333333448e-01 2.700000000000000178e-01 3.033333333333333437e-01
3.233333333333333059e-01 3.391666666666666718e-01 1.083333333333333370e-02 3.266666666666666607e-01
4.891666666666666941e-01 2.874999999999999778e-01 1.833333333333333204e-01 4.000000000000000083e-02
2.533333333333333548e-01 1.733333333333333393e-01 9.500000000000000111e-02 4.783333333333333326e-01
1.116666666666666641e-01 1.908333333333333270e-01 1.633333333333333304e-01 5.341666666666666785e-01
4.000000000000000083e-02 3.674999999999999933e-01 9.500000000000000111e-02 4.974999999999999978e-01
1.141666666666666663e-01 1.474999999999999922e-01 1.783333333333333437e-01 5.600000000000000533e-01
