1.049999999999999961e-01 5.666666666666666380e-02 5.941666666666666208e-01 2.441666666666666707e-01
2.000000000000000111e-01 5.424999999999999822e-01 2.333333333333333370e-01 2.416666666666666616e-02
1.875000000000000000e-01 3.091666666666666452e-01 4.091666666666666785e-01 9.416666666666666241e-02
2.675000000000000155e-01 2.600000000000000089e-01 8.916666666666667185e-02 3.833333333333333592e-01
2.233333333333333282e-01 5.825000000000000178e-01 7.833333333333333814e-02 1.158333333333333298e-01
2.700000000000000178e-01 9.916666666666666685e-02 5.583333333333333204e-02 5.749999999999999556e-01
1.700000000000000122e-01 2.183333333333333237e-01 3.991666666666666696e-01 2.124999999999999944e-01
1.066666666666666735e-01 4.341666666666666452e-01 1.024999999999999939e-01 3.566666666666666874e-01
4.058333333333333237e-01 1.208333333333333343e-01 4.149999999999999800e-01 5.833333333333333426e-02
3.116666666666666474e-01 4.666666666666666879e-02 4.749999999999999778e-01 1.666666666666666574e-01
2.041666666666666630e-01 4.508333333333333082e-01 9.249999999999999889e-02 2.525000000000000022e-01
2.833333333333333259e-01 2.849999999999999756e-01 2.424999999999999933e-01 1.891666666666666774e-01
2.800000000000000266e-01 1.108333333333333393e-01 1.333333333333333315e-01 4.758333333333333304e-01
8.833333333333333315e-02 3.500000000000000333e-02 5.416666666666666852e-02 8.225000000000000089e-01
2.758333333333333193e-01 1.824999999999999956e-01 3.516666666666666829e-01 1.900000000000000022e-01
6.258333333333333526e-01 1.733333333333333393e-01 8.083333333333332649e-02 1.199999999999999956e-01
1.066666666666666735e-01 4.025000000000000244e-01 1.833333333333333204e-01 3.074999999999999956e-01
1.724999999999999867e-01 1.749999999999999889e-01 6.099999999999999867e-01 4.250000000000000305e-02
2.641666666666666607e-01 3.900000000000000133e-01 2.575000000000000067e-01 8.833333333333333315e-02
3.250000000000000111e-01 1.416666666666666630e-01 1.583333333333333259e-01 3.750000000000000000e-01
1.283333333333333270e-01 6.241666666666666474e-01 1.316666666666666541e-01 1.158333333333333298e-01
5.641666666666667052e-01 1.358333333333333337e-01 2.916666666666666713e-02 2.708333333333333148e-01
