2.141666666666666718e-01 4.916666666666666408e-02 5.224999999999999645e-01 2.141666666666666718e-01
2.391666666666666663e-01 3.858333333333333059e-01 7.666666666666666075e-02 2.983333333333333393e-01
6.683333333333333348e-01 1.033333333333333326e-01 8.333333333333332871e-02 1.449999999999999900e-01
6.083333333333333648e-02 4.141666666666666829e-01 3.766666666666666496e-01 1.483333333333333448e-01
1.616666666666666530e-01 3.341666666666666674e-01 2.008333333333333359e-01 3.033333333333333437e-01
1.600000000000000033e-01 1.824999999999999956e-01 2.466666666666666730e-01 4.108333333333333282e-01
7.916666666666666297e-02 5.258333333333333748e-01 2.099999999999999922e-01 1.849999999999999978e-01
4.083333333333333259e-01 8.749999999999999445e-02 1.433333333333333404e-01 3.608333333333333393e-01
1.058333333333333348e-01 2.658333333333333104e-01 2.408333333333333437e-01 3.875000000000000111e-01
1.916666666666666796e-01 3.566666666666666874e-01 2.700000000000000178e-01 1.816666666666666707e-01
7.749999999999999944e-02 1.983333333333333337e-01 1.208333333333333343e-01 6.033333333333333881e-01
3.783333333333333548e-01 3.466666666666666785e-01 1.933333333333333293e-01 8.166666666666666519e-02
1.008333333333333304e-01 1.558333333333333237e-01 7.108333333333333171e-01 3.250000000000000111e-02
2.016666666666666607e-01 3.449999999999999734e-01 3.791666666666666519e-01 7.416666666666667240e-02
5.600000000000000533e-01 1.375000000000000111e-01 1.083333333333333370e-02 2.916666666666666852e-01
2.675000000000000155e-01 3.900000000000000133e-01 6.666666666666666574e-02 2.758333333333333193e-01
2.899999999999999800e-01 2.608333333333333059e-01 2.883333333333333304e-01 1.608333333333333282e-01
5.666666666666666380e-02 6.058333333333333348e-01 1.691666666666666596e-01 1.683333333333333348e-01
1.824999999999999956e-01 2.641666666666666607e-01 4.733333333333333282e-01 8.000000000000000167e-02
2.083333333333333426e-01 4.083333333333333259e-01 1.533333333333333215e-01 2.300000000000000100e-01
8.125000000000000000e-01 9.083333333333333537e-02 5.000000000000000104e-03 9.166666666666666019e-02
2.124999999999999944e-01 2.866666666666666807e-01 5.750000000000000250e-02 4.433333333333333570e-01
4.191666666666666874e-01 4.733333333333333282e-01 6.666666666666666574e-02 4.083333333333333259e-02
