7.000000000000000666e-02 4.924999999999999933e-01 5.249999999999999806e-02 3.850000000000000089e-01
3.250000000000000111e-02 3.599999999999999867e-01 5.224999999999999645e-01 8.500000000000000611e-02
1.616666666666666530e-01 1.333333333333333315e-01 6.058333333333333348e-01 9.916666666666666685e-02
1.791666666666666685e-01 1.858333333333333226e-01 3.250000000000000111e-01 3.099999999999999978e-01
2.491666666666666752e-01 1.691666666666666596e-01 4.716666666666666785e-01 1.100000000000000006e-01
2.391666666666666663e-01 1.675000000000000100e-01 1.083333333333333370e-02 5.825000000000000178e-01
5.000000000000000278e-02 5.500000000000000028e-02 8.416666666666666741e-01 5.333333333333333676e-02
4.974999999999999978e-01 9.500000000000000111e-02 5.166666666666666630e-02 3.558333333333333348e-01
1.150000000000000050e-01 1.174999999999999933e-01 4.258333333333333415e-01 3.416666666666666741e-01
2.874999999999999778e-01 3.049999999999999933e-01 1.266666666666666774e-01 2.808333333333333237e-01
2.158333333333333215e-01 5.883333333333333748e-01 1.441666666666666652e-01 5.166666666666666630e-02
2.399999999999999911e-01 3.699999999999999956e-01 2.783333333333333215e-01 1.116666666666666641e-01
1.174999999999999933e-01 1.833333333333333204e-01 6.508333333333333748e-01 4.833333333333333232e-02
1.474999999999999922e-01 1.024999999999999939e-01 4.733333333333333282e-01 2.766666666666666718e-01
2.583333333333333315e-02 3.466666666666666785e-01 2.208333333333333259e-01 4.066666666666666763e-01
1.749999999999999889e-01 2.783333333333333215e-01 4.183333333333333348e-01 1.283333333333333270e-01
4.091666666666666785e-01 1.033333333333333326e-01 8.583333333333333093e-02 4.016666666666666718e-01
3.400000000000000244e-01 1.508333333333333470e-01 2.583333333333333592e-01 2.508333333333333526e-01
3.491666666666666807e-01 3.300000000000000155e-01 1.958333333333333315e-01 1.250000000000000000e-01
3.191666666666666541e-01 4.074999999999999734e-01 1.275000000000000022e-01 1.458333333333333426e-01
1.066666666666666735e-01 5.616666666666666474e-01 9.583333333333333981e-02 2.358333333333333393e-01
