6.491666666666666696e-01 5.083333333333333454e-02 2.333333333333333370e-01 6.666666666666666574e-02
2.733333333333333171e-01 2.000000000000000042e-02 1.549999999999999989e-01 5.516666666666666385e-01
3.691666666666666430e-01 2.016666666666666607e-01 2.041666666666666630e-01 2.250000000000000056e-01
2.883333333333333304e-01 2.133333333333333470e-01 2.116666666666666696e-01 2.866666666666666807e-01
1.774999999999999911e-01 1.133333333333333276e-01 6.433333333333333126e-01 6.583333333333332704e-02
2.758333333333333193e-01 3.833333333333333592e-01 4.416666666666666657e-02 2.966666666666666896e-01
2.941666666666666874e-01 2.049999999999999878e-01 2.708333333333333148e-01 2.300000000000000100e-01
5.666666666666666380e-02 5.866666666666666696e-01 1.983333333333333337e-01 1.583333333333333259e-01
2.166666666666666741e-01 3.658333333333333437e-01 2.308333333333333348e-01 1.866666666666666752e-01
1.975000000000000089e-01 4.691666666666666763e-01 2.858333333333333282e-01 4.750000000000000056e-02
4.041666666666666741e-01 1.583333333333333259e-01 1.466666666666666674e-01 2.908333333333333326e-01
5.916666666666666602e-02 5.050000000000000044e-01 2.191666666666666763e-01 2.166666666666666741e-01
1.016666666666666691e-01 2.275000000000000078e-01 2.258333333333333304e-01 4.450000000000000067e-01
2.091666666666666674e-01 1.708333333333333370e-01 2.349999999999999867e-01 3.850000000000000089e-01
3.250000000000000111e-02 7.583333333333333592e-02 1.325000000000000067e-01 7.591666666666666563e-01
5.383333333333333304e-01 1.933333333333333293e-01 1.066666666666666735e-01 1.616666666666666530e-01
1.416666666666666630e-01 3.083333333333333412e-02 1.133333333333333276e-01 7.141666666666666163e-01
1.250000000000000069e-02 5.833333333333333703e-01 2.991666666666666918e-01 1.049999999999999961e-01
9.916666666666666685e-02 4.974999999999999978e-01 1.824999999999999956e-01 2.208333333333333259e-01
4.550000000000000155e-01 1.566666666666666763e-01 1.458333333333333426e-01 2.424999999999999933e-01
4.375000000000000000e-01 2.833333333333333259e-01 2.241666666666666530e-01 5.500000000000000028e-02
5.491666666666666918e-01 2.750000000000000014e-02 9.833333333333332815e-02 3.250000000000000111e-01
4.541666666666666630e-01 2.758333333333333193e-01 8.833333333333333315e-02 1.816666666666666707e-01
