4.949999999999999956e-01 1.791666666666666685e-01 3.225000000000000089e-01 3.333333333333333547e-03
8.833333333333333315e-02 8.166666666666666519e-01 5.666666666666666380e-02 3.833333333333333037e-02
6.899999999999999467e-01 1.350000000000000089e-01 9.583333333333333981e-02 7.916666666666666297e-02
4.833333333333333232e-02 4.600000000000000200e-01 1.991666666666666585e-01 2.924999999999999822e-01
2.099999999999999922e-01 8.500000000000000611e-02 4.550000000000000155e-01 2.500000000000000000e-01
3.091666666666666452e-01 5.516666666666666385e-01 1.049999999999999961e-01 3.416666666666666463e-02
4.849999999999999867e-01 1.591666666666666785e-01 1.358333333333333337e-01 2.200000000000000011e-01
2.099999999999999922e-01 4.366666666666666474e-01 1.524999999999999967e-01 2.008333333333333359e-01
1.074999999999999983e-01 4.708333333333333259e-01 3.583333333333333370e-01 6.333333333333333870e-02
1.691666666666666596e-01 4.091666666666666785e-01 2.174999999999999989e-01 2.041666666666666630e-01
7.941666666666666874e-01 8.666666666666666963e-02 2.416666666666666616e-02 9.500000000000000111e-02
1.783333333333333437e-01 1.366666666666666585e-01 4.516666666666666607e-01 2.333333333333333370e-01
2.700000000000000178e-01 1.333333333333333315e-01 2.983333333333333393e-01 2.983333333333333393e-01
1.708333333333333370e-01 1.858333333333333226e-01 5.741666666666667140e-01 6.916666666666666796e-02
4.500000000000000111e-01 2.300000000000000100e-01 7.333333333333333370e-02 2.466666666666666730e-01
4.500000000000000111e-01 2.441666666666666707e-01 1.083333333333333370e-01 1.975000000000000089e-01
8.583333333333333093e-02 4.333333333333333481e-02 9.500000000000000111e-02 7.758333333333333748e-01
2.591666666666666563e-01 1.883333333333333248e-01 2.700000000000000178e-01 2.824999999999999734e-01
