1.533333333333333215e-01 8.333333333333332871e-02 5.708333333333333037e-01 1.925000000000000044e-01
1.916666666666666796e-01 4.408333333333333548e-01 1.049999999999999961e-01 2.625000000000000111e-01
3.624999999999999889e-01 3.058333333333333459e-01 8.333333333333333868e-04 3.308333333333333126e-01
6.083333333333333648e-02 1.966666666666666563e-01 7.325000000000000400e-01 1.000000000000000021e-02
2.483333333333333226e-01 2.666666666666666630e-01 5.416666666666666852e-02 4.308333333333333459e-01
4.058333333333333237e-01 1.358333333333333337e-01 7.499999999999999722e-03 4.508333333333333082e-01
1.358333333333333337e-01 3.900000000000000133e-01 4.283333333333333437e-01 4.583333333333333010e-02
8.333333333333333218e-03 1.208333333333333343e-01 6.875000000000000000e-01 1.833333333333333204e-01
3.733333333333333504e-01 2.941666666666666874e-01 1.041666666666666713e-01 2.283333333333333326e-01
2.741666666666666696e-01 6.916666666666666796e-02 3.800000000000000044e-01 2.766666666666666718e-01
2.374999999999999889e-01 3.416666666666666741e-01 2.625000000000000111e-01 1.583333333333333259e-01
2.741666666666666696e-01 9.333333333333333759e-02 2.341666666666666619e-01 3.983333333333333171e-01
3.350000000000000200e-01 4.250000000000000305e-02 6.333333333333333870e-02 5.591666666666667007e-01
7.749999999999999944e-02 6.383333333333333082e-01 1.008333333333333304e-01 1.833333333333333204e-01
4.083333333333333259e-01 2.083333333333333426e-01 2.074999999999999900e-01 1.758333333333333415e-01
1.158333333333333298e-01 2.458333333333333204e-01 4.808333333333333348e-01 1.575000000000000011e-01
6.391666666666666607e-01 2.999999999999999889e-02 2.349999999999999867e-01 9.583333333333333981e-02
7.083333333333333148e-02 1.408333333333333381e-01 1.483333333333333448e-01 6.400000000000000133e-01
