8.749999999999999445e-02 6.416666666666666352e-02 5.258333333333333748e-01 3.225000000000000089e-01
2.166666666666666741e-01 2.933333333333333348e-01 4.466666666666666563e-01 4.333333333333333481e-02
2.849999999999999756e-01 2.883333333333333304e-01 3.175000000000000044e-01 1.091666666666666619e-01
2.225000000000000033e-01 1.941666666666666541e-01 1.724999999999999867e-01 4.108333333333333282e-01
1.191666666666666707e-01 2.266666666666666552e-01 4.958333333333333481e-01 1.583333333333333259e-01
2.558333333333333570e-01 1.074999999999999983e-01 4.741666666666666807e-01 1.625000000000000056e-01
4.924999999999999933e-01 2.049999999999999878e-01 1.749999999999999889e-01 1.275000000000000022e-01
3.458333333333333259e-01 4.575000000000000178e-01 1.741666666666666641e-01 2.249999999999999917e-02
6.433333333333333126e-01 9.833333333333332815e-02 1.625000000000000056e-01 9.583333333333333981e-02
2.858333333333333282e-01 8.666666666666666963e-02 5.050000000000000044e-01 1.224999999999999978e-01
5.374999999999999778e-01 2.275000000000000078e-01 8.083333333333332649e-02 1.541666666666666741e-01
2.750000000000000222e-01 1.666666666666666644e-02 3.200000000000000067e-01 3.883333333333333082e-01
3.574999999999999845e-01 2.250000000000000056e-01 3.599999999999999867e-01 5.750000000000000250e-02
1.841666666666666730e-01 6.899999999999999467e-01 1.066666666666666735e-01 1.916666666666666519e-02
4.249999999999999889e-01 6.416666666666666352e-02 2.966666666666666896e-01 2.141666666666666718e-01
3.191666666666666541e-01 3.883333333333333082e-01 1.125000000000000028e-01 1.799999999999999933e-01
5.675000000000000044e-01 2.741666666666666696e-01 1.308333333333333293e-01 2.750000000000000014e-02
1.224999999999999978e-01 1.141666666666666663e-01 6.500000000000000222e-02 6.983333333333333615e-01
3.449999999999999734e-01 3.599999999999999867e-01 1.808333333333333459e-01 1.141666666666666663e-01
1.950000000000000067e-01 5.999999999999999778e-02 3.741666666666666474e-01 3.708333333333333481e-01
1.333333333333333419e-02 4.358333333333333504e-01 1.741666666666666641e-01 3.766666666666666496e-01
2.541666666666666519e-01 5.583333333333333204e-02 4.908333333333333437e-01 1.991666666666666585e-01
