1.333333333333333315e-01 6.808333333333332904e-01 1.474999999999999922e-01 3.833333333333333037e-02
1.458333333333333426e-01 2.991666666666666918e-01 4.600000000000000200e-01 9.500000000000000111e-02
3.908333333333333104e-01 7.916666666666666297e-02 6.250000000000000000e-02 4.675000000000000266e-01
6.083333333333333648e-02 3.941666666666666652e-01 9.666666666666666463e-02 4.483333333333333059e-01
8.500000000000000611e-02 2.091666666666666674e-01 4.933333333333333459e-01 2.124999999999999944e-01
1.291666666666666796e-01 2.108333333333333448e-01 3.058333333333333459e-01 3.541666666666666852e-01
5.249999999999999806e-02 4.525000000000000133e-01 1.791666666666666685e-01 3.158333333333333548e-01
5.583333333333333481e-01 2.216666666666666785e-01 1.074999999999999983e-01 1.125000000000000028e-01
4.216666666666666896e-01 2.083333333333333426e-01 3.599999999999999867e-01 1.000000000000000021e-02
6.441666666666666652e-01 2.666666666666666838e-02 2.566666666666666541e-01 7.249999999999999500e-02
2.641666666666666607e-01 1.424999999999999878e-01 2.041666666666666630e-01 3.891666666666666607e-01
5.833333333333333426e-02 1.950000000000000067e-01 3.474999999999999756e-01 3.991666666666666696e-01
3.158333333333333548e-01 5.541666666666666963e-01 4.499999999999999833e-02 8.500000000000000611e-02
4.650000000000000244e-01 1.433333333333333404e-01 1.449999999999999900e-01 2.466666666666666730e-01
5.050000000000000044e-01 2.658333333333333104e-01 1.174999999999999933e-01 1.116666666666666641e-01
1.325000000000000067e-01 2.349999999999999867e-01 2.458333333333333204e-01 3.866666666666666585e-01
4.716666666666666785e-01 1.224999999999999978e-01 3.541666666666666852e-01 5.166666666666666630e-02
2.233333333333333282e-01 1.508333333333333470e-01 3.883333333333333082e-01 2.374999999999999889e-01
6.416666666666666352e-02 4.566666666666666652e-01 3.325000000000000178e-01 1.466666666666666674e-01
9.166666666666666713e-03 5.716666666666666563e-01 5.416666666666666852e-02 3.649999999999999911e-01
2.999999999999999889e-02 1.658333333333333326e-01 4.824999999999999845e-01 3.216666666666666563e-01
