1.008333333333333304e-01 6.316666666666667096e-01 1.983333333333333337e-01 6.916666666666666796e-02
1.100000000000000006e-01 1.408333333333333381e-01 5.500000000000000028e-02 6.941666666666667096e-01
2.424999999999999933e-01 1.049999999999999961e-01 1.625000000000000056e-01 4.899999999999999911e-01
5.483333333333333393e-01 1.091666666666666619e-01 1.766666666666666663e-01 1.658333333333333326e-01
1.658333333333333326e-01 1.816666666666666707e-01 4.208333333333333370e-01 2.316666666666666596e-01
6.500000000000000222e-02 3.549999999999999822e-01 1.808333333333333459e-01 3.991666666666666696e-01
2.258333333333333304e-01 5.616666666666666474e-01 6.833333333333332926e-02 1.441666666666666652e-01
2.141666666666666718e-01 5.166666666666666630e-02 6.966666666666666563e-01 3.749999999999999861e-02
5.041666666666666519e-01 2.600000000000000089e-01 1.508333333333333470e-01 8.500000000000000611e-02
1.916666666666666519e-02 3.216666666666666563e-01 5.350000000000000311e-01 1.241666666666666613e-01
4.083333333333333259e-02 1.266666666666666774e-01 5.400000000000000355e-01 2.924999999999999822e-01
3.516666666666666829e-01 3.099999999999999978e-01 2.966666666666666896e-01 4.166666666666666435e-02
3.241666666666666585e-01 1.166666666666666685e-01 2.591666666666666563e-01 2.999999999999999889e-01
5.350000000000000311e-01 7.499999999999999722e-03 2.283333333333333326e-01 2.291666666666666574e-01
9.333333333333333759e-02 1.591666666666666785e-01 2.250000000000000056e-01 5.224999999999999645e-01
1.416666666666666630e-01 2.183333333333333237e-01 5.899999999999999689e-01 5.000000000000000278e-02
4.099999999999999756e-01 3.200000000000000067e-01 6.500000000000000222e-02 2.049999999999999878e-01
2.466666666666666730e-01 4.216666666666666896e-01 1.483333333333333448e-01 1.833333333333333204e-01
1.000000000000000056e-01 3.825000000000000067e-01 3.158333333333333548e-01 2.016666666666666607e-01
1.100000000000000006e-01 3.283333333333333104e-01 5.016666666666667052e-01 5.999999999999999778e-02
3.216666666666666563e-01 2.849999999999999756e-01 3.325000000000000178e-01 6.083333333333333648e-02
