1.133333333333333276e-01 5.633333333333333526e-01 1.824999999999999956e-01 1.408333333333333381e-01
2.841666666666666785e-01 4.899999999999999911e-01 1.608333333333333282e-01 6.500000000000000222e-02
3.750000000000000000e-01 6.583333333333332704e-02 1.100000000000000006e-01 4.491666666666666585e-01
3.458333333333333259e-01 2.800000000000000266e-01 4.166666666666666435e-02 3.325000000000000178e-01
1.516666666666666718e-01 1.000000000000000056e-01 3.449999999999999734e-01 4.033333333333333215e-01
1.291666666666666796e-01 3.458333333333333259e-01 1.791666666666666685e-01 3.458333333333333259e-01
3.583333333333333509e-02 7.833333333333333814e-02 5.308333333333333792e-01 3.549999999999999822e-01
2.208333333333333259e-01 1.683333333333333348e-01 2.666666666666666630e-01 3.441666666666666763e-01
3.258333333333333082e-01 4.058333333333333237e-01 8.083333333333332649e-02 1.875000000000000000e-01
7.833333333333333814e-02 7.916666666666666297e-02 2.716666666666666674e-01 5.708333333333333037e-01
3.141666666666666496e-01 3.975000000000000200e-01 7.833333333333333814e-02 2.099999999999999922e-01
5.466666666666666341e-01 7.666666666666666075e-02 1.941666666666666541e-01 1.824999999999999956e-01
5.833333333333333599e-03 2.833333333333333190e-02 8.783333333333332993e-01 8.749999999999999445e-02
2.741666666666666696e-01 2.041666666666666630e-01 3.316666666666666652e-01 1.900000000000000022e-01
4.016666666666666718e-01 3.150000000000000022e-01 1.558333333333333237e-01 1.275000000000000022e-01
1.416666666666666630e-01 5.825000000000000178e-01 5.083333333333333454e-02 2.250000000000000056e-01
1.533333333333333215e-01 2.883333333333333304e-01 4.808333333333333348e-01 7.749999999999999944e-02
4.308333333333333459e-01 1.208333333333333343e-01 2.849999999999999756e-01 1.633333333333333304e-01
4.583333333333333010e-02 3.666666666666666685e-02 3.316666666666666652e-01 5.858333333333333171e-01
2.333333333333333440e-02 1.166666666666666685e-01 5.524999999999999911e-01 3.074999999999999956e-01
4.916666666666666408e-01 1.541666666666666741e-01 2.166666666666666741e-02 3.325000000000000178e-01
