4.416666666666666657e-02 4.866666666666666918e-01 1.608333333333333282e-01 3.083333333333333481e-01
1.766666666666666663e-01 6.183333333333332904e-01 1.216666666666666730e-01 8.333333333333332871e-02
5.416666666666666852e-02 2.508333333333333526e-01 2.166666666666666741e-01 4.783333333333333326e-01
3.391666666666666718e-01 4.491666666666666585e-01 8.583333333333333093e-02 1.258333333333333248e-01
5.741666666666667140e-01 1.833333333333333343e-02 2.500000000000000139e-02 3.825000000000000067e-01
7.158333333333333215e-01 7.583333333333333592e-02 3.666666666666666685e-02 1.716666666666666619e-01
1.258333333333333248e-01 1.941666666666666541e-01 4.291666666666666408e-01 2.508333333333333526e-01
3.016666666666666941e-01 1.108333333333333393e-01 2.608333333333333059e-01 3.266666666666666607e-01
8.583333333333333093e-02 5.158333333333333659e-01 3.500000000000000333e-02 3.633333333333333415e-01
4.358333333333333504e-01 2.725000000000000200e-01 2.441666666666666707e-01 4.750000000000000056e-02
3.208333333333333592e-01 3.049999999999999933e-01 1.908333333333333270e-01 1.833333333333333204e-01
5.374999999999999778e-01 1.533333333333333215e-01 4.416666666666666657e-02 2.650000000000000133e-01
6.691666666666666874e-01 7.666666666666666075e-02 1.833333333333333204e-01 7.083333333333333148e-02
1.133333333333333276e-01 2.291666666666666574e-01 3.083333333333333481e-01 3.491666666666666807e-01
1.983333333333333337e-01 2.633333333333333082e-01 1.724999999999999867e-01 3.658333333333333437e-01
2.716666666666666674e-01 1.233333333333333365e-01 2.374999999999999889e-01 3.674999999999999933e-01
2.225000000000000033e-01 1.991666666666666585e-01 5.250000000000000222e-01 5.333333333333333676e-02
4.083333333333333259e-02 2.466666666666666730e-01 3.375000000000000222e-01 3.750000000000000000e-01
2.033333333333333381e-01 3.133333333333333526e-01 1.033333333333333326e-01 3.800000000000000044e-01
4.924999999999999933e-01 1.341666666666666563e-01 2.941666666666666874e-01 7.916666666666666297e-02
5.541666666666666963e-01 1.283333333333333270e-01 5.999999999999999778e-02 2.575000000000000067e-01
4.016666666666666718e-01 1.691666666666666596e-01 1.941666666666666541e-01 2.349999999999999867e-01
1.083333333333333370e-01 5.358333333333333837e-01 2.333333333333333370e-01 1.224999999999999978e-01
