8.208333333333333037e-01 4.416666666666666657e-02 1.083333333333333370e-01 2.666666666666666838e-02
1.266666666666666774e-01 9.833333333333332815e-02 5.416666666666666297e-01 2.333333333333333370e-01
1.916666666666666796e-01 1.250000000000000069e-02 9.833333333333332815e-02 6.975000000000000089e-01
2.174999999999999989e-01 2.733333333333333171e-01 3.108333333333333504e-01 1.983333333333333337e-01
2.216666666666666785e-01 3.416666666666666741e-01 1.675000000000000100e-01 2.691666666666666652e-01
5.791666666666667185e-01 1.483333333333333448e-01 1.041666666666666713e-01 1.683333333333333348e-01
6.633333333333333304e-01 1.524999999999999967e-01 9.833333333333332815e-02 8.583333333333333093e-02
8.833333333333333315e-02 7.758333333333333748e-01 5.833333333333333426e-02 7.749999999999999944e-02
1.749999999999999889e-01 1.375000000000000111e-01 5.999999999999999778e-01 8.749999999999999445e-02
1.383333333333333359e-01 1.900000000000000022e-01 4.974999999999999978e-01 1.741666666666666641e-01
1.341666666666666563e-01 5.316666666666666208e-01 1.499999999999999944e-01 1.841666666666666730e-01
2.333333333333333370e-01 4.366666666666666474e-01 1.724999999999999867e-01 1.575000000000000011e-01
7.116666666666666696e-01 1.150000000000000050e-01 8.749999999999999445e-02 8.583333333333333093e-02
2.025000000000000133e-01 2.391666666666666663e-01 3.099999999999999978e-01 2.483333333333333226e-01
1.466666666666666674e-01 1.633333333333333304e-01 6.033333333333333881e-01 8.666666666666666963e-02
2.383333333333333415e-01 3.191666666666666541e-01 2.349999999999999867e-01 2.074999999999999900e-01
1.258333333333333248e-01 1.333333333333333315e-01 1.575000000000000011e-01 5.833333333333333703e-01
5.474999999999999867e-01 1.708333333333333370e-01 1.066666666666666735e-01 1.749999999999999889e-01
1.625000000000000056e-01 5.416666666666666297e-01 1.449999999999999900e-01 1.508333333333333470e-01
8.833333333333333315e-02 6.316666666666667096e-01 7.499999999999999722e-02 2.049999999999999878e-01
6.658333333333333881e-01 9.083333333333333537e-02 1.116666666666666641e-01 1.316666666666666541e-01
