6.716666666666666341e-01 1.216666666666666730e-01 9.416666666666666241e-02 1.125000000000000028e-01
1.466666666666666674e-01 1.666666666666666574e-01 5.649999999999999467e-01 1.216666666666666730e-01
4.083333333333333259e-02 4.166666666666666435e-02 8.666666666666666963e-02 8.308333333333333126e-01
2.408333333333333437e-01 1.116666666666666641e-01 4.400000000000000022e-01 2.074999999999999900e-01
2.174999999999999989e-01 3.825000000000000067e-01 1.508333333333333470e-01 2.491666666666666752e-01
7.574999999999999512e-01 9.083333333333333537e-02 5.833333333333333426e-02 9.333333333333333759e-02
7.641666666666666607e-01 9.583333333333333981e-02 5.500000000000000028e-02 8.500000000000000611e-02
1.866666666666666752e-01 6.033333333333333881e-01 2.999999999999999889e-02 1.799999999999999933e-01
1.041666666666666713e-01 7.166666666666667018e-02 6.408333333333333659e-01 1.833333333333333204e-01
1.908333333333333270e-01 2.424999999999999933e-01 4.191666666666666874e-01 1.474999999999999922e-01
1.166666666666666685e-01 5.458333333333332815e-01 9.416666666666666241e-02 2.433333333333333459e-01
1.000000000000000056e-01 5.424999999999999822e-01 1.816666666666666707e-01 1.758333333333333415e-01
5.933333333333333792e-01 2.516666666666666496e-01 9.416666666666666241e-02 6.083333333333333648e-02
2.041666666666666630e-01 1.533333333333333215e-01 2.766666666666666718e-01 3.658333333333333437e-01
1.675000000000000100e-01 1.900000000000000022e-01 4.266666666666666941e-01 2.158333333333333215e-01
2.675000000000000155e-01 2.899999999999999800e-01 1.891666666666666774e-01 2.533333333333333548e-01
9.916666666666666685e-02 1.958333333333333315e-01 1.633333333333333304e-01 5.416666666666666297e-01
5.291666666666666741e-01 1.241666666666666613e-01 1.441666666666666652e-01 2.025000000000000133e-01
1.199999999999999956e-01 5.458333333333332815e-01 1.700000000000000122e-01 1.641666666666666552e-01
6.166666666666666824e-02 7.233333333333333837e-01 1.174999999999999933e-01 9.750000000000000333e-02
