5.058333333333333570e-01 4.450000000000000067e-01 1.250000000000000069e-02 3.666666666666666685e-02
2.416666666666666685e-01 2.966666666666666896e-01 6.333333333333333870e-02 3.983333333333333171e-01
4.808333333333333348e-01 4.316666666666666430e-01 3.666666666666666685e-02 5.083333333333333454e-02
3.841666666666666563e-01 9.166666666666666019e-02 1.049999999999999961e-01 4.191666666666666874e-01
2.841666666666666785e-01 5.833333333333333426e-02 1.816666666666666707e-01 4.758333333333333304e-01
2.250000000000000056e-01 4.041666666666666741e-01 2.308333333333333348e-01 1.400000000000000133e-01
2.391666666666666663e-01 1.941666666666666541e-01 2.149999999999999967e-01 3.516666666666666829e-01
8.833333333333333315e-02 4.083333333333333259e-02 8.000000000000000444e-01 7.083333333333333148e-02
1.483333333333333448e-01 1.433333333333333404e-01 4.650000000000000244e-01 2.433333333333333459e-01
3.750000000000000000e-01 2.833333333333333259e-01 1.908333333333333270e-01 1.508333333333333470e-01
8.083333333333332649e-02 4.458333333333333592e-01 4.141666666666666829e-01 5.916666666666666602e-02
7.416666666666667240e-02 4.575000000000000178e-01 3.441666666666666763e-01 1.241666666666666613e-01
3.099999999999999978e-01 4.149999999999999800e-01 1.641666666666666552e-01 1.108333333333333393e-01
3.975000000000000200e-01 2.508333333333333526e-01 2.500000000000000000e-01 1.016666666666666691e-01
2.124999999999999944e-01 4.858333333333333393e-01 1.250000000000000000e-01 1.766666666666666663e-01
1.166666666666666685e-01 6.108333333333333393e-01 1.675000000000000100e-01 1.049999999999999961e-01
1.549999999999999989e-01 2.191666666666666763e-01 4.050000000000000266e-01 2.208333333333333259e-01
3.466666666666666785e-01 3.549999999999999822e-01 2.108333333333333448e-01 8.749999999999999445e-02
1.791666666666666685e-01 2.308333333333333348e-01 1.083333333333333370e-01 4.816666666666666874e-01
1.616666666666666530e-01 1.433333333333333404e-01 4.425000000000000044e-01 2.525000000000000022e-01
6.500000000000000222e-02 5.941666666666666208e-01 3.350000000000000200e-01 5.833333333333333599e-03
2.399999999999999911e-01 3.633333333333333415e-01 2.758333333333333193e-01 1.208333333333333343e-01
1.666666666666666644e-02 1.875000000000000000e-01 1.966666666666666563e-01 5.991666666666666252e-01
