1.549999999999999989e-01 2.841666666666666785e-01 4.499999999999999833e-02 5.158333333333333659e-01
1.549999999999999989e-01 5.524999999999999911e-01 4.000000000000000083e-02 2.525000000000000022e-01
1.283333333333333270e-01 1.958333333333333315e-01 3.400000000000000244e-01 3.358333333333333171e-01
1.083333333333333370e-01 2.533333333333333548e-01 6.283333333333332993e-01 1.000000000000000021e-02
3.474999999999999756e-01 4.433333333333333570e-01 1.749999999999999889e-01 3.416666666666666463e-02
2.941666666666666874e-01 4.341666666666666452e-01 1.458333333333333426e-01 1.258333333333333248e-01
2.533333333333333548e-01 1.616666666666666530e-01 2.833333333333333190e-02 5.566666666666666430e-01
1.383333333333333359e-01 5.016666666666667052e-01 1.383333333333333359e-01 2.216666666666666785e-01
1.633333333333333304e-01 5.200000000000000178e-01 1.749999999999999889e-01 1.416666666666666630e-01
4.516666666666666607e-01 5.083333333333333454e-02 4.808333333333333348e-01 1.666666666666666644e-02
2.783333333333333215e-01 3.325000000000000178e-01 3.266666666666666607e-01 6.250000000000000000e-02
4.608333333333333171e-01 1.158333333333333298e-01 4.583333333333333010e-02 3.775000000000000022e-01
4.625000000000000222e-01 2.775000000000000244e-01 1.375000000000000111e-01 1.224999999999999978e-01
9.666666666666666463e-02 9.416666666666666241e-02 3.008333333333333415e-01 5.083333333333333037e-01
1.391666666666666607e-01 2.866666666666666807e-01 4.108333333333333282e-01 1.633333333333333304e-01
4.366666666666666474e-01 7.166666666666667018e-02 1.549999999999999989e-01 3.366666666666666696e-01
2.541666666666666519e-01 5.949999999999999734e-01 4.250000000000000305e-02 1.083333333333333370e-01
1.483333333333333448e-01 1.350000000000000089e-01 4.916666666666666408e-01 2.250000000000000056e-01
2.291666666666666574e-01 1.141666666666666663e-01 1.875000000000000000e-01 4.691666666666666763e-01
3.616666666666666918e-01 7.333333333333333370e-02 4.724999999999999756e-01 9.249999999999999889e-02
9.666666666666666463e-02 2.449999999999999956e-01 3.883333333333333082e-01 2.700000000000000178e-01
4.908333333333333437e-01 3.325000000000000178e-01 1.224999999999999978e-01 5.416666666666666852e-02
1.641666666666666552e-01 1.600000000000000033e-01 1.566666666666666763e-01 5.191666666666666652e-01
