1.683333333333333348e-01 3.333333333333333287e-02 7.325000000000000400e-01 6.583333333333332704e-02
4.899999999999999911e-01 2.233333333333333282e-01 7.749999999999999944e-02 2.091666666666666674e-01
3.599999999999999867e-01 1.750000000000000167e-02 2.516666666666666496e-01 3.708333333333333481e-01
3.216666666666666563e-01 2.741666666666666696e-01 3.449999999999999734e-01 5.916666666666666602e-02
1.141666666666666663e-01 1.675000000000000100e-01 6.808333333333332904e-01 3.749999999999999861e-02
1.066666666666666735e-01 3.333333333333333287e-02 4.433333333333333570e-01 4.166666666666666852e-01
1.408333333333333381e-01 7.333333333333333370e-02 1.083333333333333370e-01 6.774999999999999911e-01
1.241666666666666613e-01 1.300000000000000044e-01 1.024999999999999939e-01 6.433333333333333126e-01
3.641666666666666941e-01 2.049999999999999878e-01 3.691666666666666430e-01 6.166666666666666824e-02
1.908333333333333270e-01 2.583333333333333315e-02 3.300000000000000155e-01 4.533333333333333104e-01
4.516666666666666607e-01 4.358333333333333504e-01 3.583333333333333509e-02 7.666666666666666075e-02
7.666666666666666075e-02 3.458333333333333259e-01 3.950000000000000178e-01 1.824999999999999956e-01
3.975000000000000200e-01 4.466666666666666563e-01 5.833333333333333599e-03 1.499999999999999944e-01
1.691666666666666596e-01 6.083333333333333648e-02 4.616666666666666696e-01 3.083333333333333481e-01
2.783333333333333215e-01 1.883333333333333248e-01 2.225000000000000033e-01 3.108333333333333504e-01
3.916666666666666907e-02 1.291666666666666796e-01 4.833333333333333370e-01 3.483333333333333282e-01
2.383333333333333415e-01 2.116666666666666696e-01 1.541666666666666741e-01 3.958333333333333148e-01
2.449999999999999956e-01 3.191666666666666541e-01 2.675000000000000155e-01 1.683333333333333348e-01
4.616666666666666696e-01 2.916666666666666713e-02 4.041666666666666741e-01 1.049999999999999961e-01
2.558333333333333570e-01 1.758333333333333415e-01 3.091666666666666452e-01 2.591666666666666563e-01
1.083333333333333370e-02 4.683333333333333237e-01 2.941666666666666874e-01 2.266666666666666552e-01
1.908333333333333270e-01 2.333333333333333370e-01 3.925000000000000155e-01 1.833333333333333204e-01
