7.499999999999999722e-03 2.025000000000000133e-01 3.841666666666666563e-01 4.058333333333333237e-01
1.591666666666666785e-01 3.416666666666666741e-01 3.433333333333333237e-01 1.558333333333333237e-01
2.366666666666666641e-01 1.291666666666666796e-01 2.933333333333333348e-01 3.408333333333333215e-01
3.599999999999999867e-01 2.124999999999999944e-01 1.991666666666666585e-01 2.283333333333333326e-01
1.116666666666666641e-01 2.016666666666666607e-01 4.633333333333333193e-01 2.233333333333333282e-01
3.850000000000000089e-01 3.549999999999999822e-01 9.333333333333333759e-02 1.666666666666666574e-01
3.016666666666666941e-01 3.083333333333333412e-02 3.083333333333333481e-01 3.591666666666666896e-01
1.600000000000000033e-01 4.891666666666666941e-01 8.000000000000000167e-02 2.708333333333333148e-01
2.766666666666666718e-01 3.366666666666666696e-01 2.374999999999999889e-01 1.491666666666666696e-01
5.249999999999999806e-02 2.874999999999999778e-01 1.408333333333333381e-01 5.191666666666666652e-01
5.158333333333333659e-01 1.241666666666666613e-01 6.333333333333333870e-02 2.966666666666666896e-01
1.950000000000000067e-01 1.424999999999999878e-01 4.916666666666666408e-02 6.133333333333332860e-01
2.366666666666666641e-01 6.583333333333332704e-02 1.683333333333333348e-01 5.291666666666666741e-01
2.616666666666666585e-01 3.333333333333333547e-03 7.025000000000000133e-01 3.250000000000000111e-02
2.608333333333333059e-01 6.916666666666666796e-02 3.158333333333333548e-01 3.541666666666666852e-01
3.250000000000000111e-01 4.266666666666666941e-01 1.241666666666666613e-01 1.241666666666666613e-01
7.749999999999999944e-02 6.008333333333333304e-01 5.166666666666666630e-02 2.700000000000000178e-01
3.083333333333333412e-02 3.749999999999999861e-02 9.208333333333332815e-01 1.083333333333333370e-02
2.233333333333333282e-01 2.149999999999999967e-01 2.383333333333333415e-01 3.233333333333333059e-01
