4.083333333333333259e-02 8.749999999999999445e-02 5.416666666666666852e-02 8.175000000000000044e-01
4.416666666666666657e-02 1.458333333333333426e-01 3.366666666666666696e-01 4.733333333333333282e-01
5.024999999999999467e-01 3.250000000000000111e-01 1.633333333333333304e-01 9.166666666666666713e-03
4.558333333333333126e-01 4.141666666666666829e-01 6.250000000000000000e-02 6.750000000000000444e-02
4.324999999999999956e-01 3.549999999999999822e-01 3.083333333333333412e-02 1.816666666666666707e-01
1.466666666666666674e-01 1.091666666666666619e-01 4.866666666666666918e-01 2.575000000000000067e-01
1.108333333333333393e-01 3.683333333333333459e-01 1.049999999999999961e-01 4.158333333333333326e-01
3.666666666666666408e-01 7.916666666666666297e-02 1.891666666666666774e-01 3.649999999999999911e-01
4.666666666666666741e-01 1.350000000000000089e-01 1.866666666666666752e-01 2.116666666666666696e-01
1.250000000000000069e-02 1.749999999999999889e-01 6.841666666666667007e-01 1.283333333333333270e-01
1.666666666666666574e-01 4.116666666666666807e-01 2.791666666666666741e-01 1.424999999999999878e-01
1.741666666666666641e-01 5.324999999999999734e-01 1.191666666666666707e-01 1.741666666666666641e-01
4.916666666666666408e-02 3.616666666666666918e-01 1.691666666666666596e-01 4.199999999999999845e-01
3.383333333333333193e-01 1.875000000000000000e-01 1.916666666666666796e-01 2.824999999999999734e-01
2.908333333333333326e-01 3.008333333333333415e-01 1.166666666666666685e-01 2.916666666666666852e-01
3.350000000000000200e-01 1.116666666666666641e-01 1.491666666666666696e-01 4.041666666666666741e-01
4.299999999999999933e-01 1.258333333333333248e-01 4.274999999999999911e-01 1.666666666666666644e-02
9.666666666666666463e-02 6.808333333333332904e-01 1.224999999999999978e-01 1.000000000000000056e-01
3.508333333333333304e-01 3.074999999999999956e-01 1.991666666666666585e-01 1.424999999999999878e-01
