3.250000000000000111e-02 5.516666666666666385e-01 3.858333333333333059e-01 2.999999999999999889e-02
6.916666666666666796e-02 3.300000000000000155e-01 3.108333333333333504e-01 2.899999999999999800e-01
1.491666666666666696e-01 3.008333333333333415e-01 3.950000000000000178e-01 1.549999999999999989e-01
4.575000000000000178e-01 1.774999999999999911e-01 2.191666666666666763e-01 1.458333333333333426e-01
6.516666666666666163e-01 2.916666666666666713e-02 1.083333333333333370e-02 3.083333333333333481e-01
1.583333333333333259e-01 2.966666666666666896e-01 3.658333333333333437e-01 1.791666666666666685e-01
5.133333333333333082e-01 2.849999999999999756e-01 1.833333333333333343e-02 1.833333333333333204e-01
1.408333333333333381e-01 3.333333333333333148e-01 1.208333333333333343e-01 4.050000000000000266e-01
3.966666666666666674e-01 4.683333333333333237e-01 1.316666666666666541e-01 3.333333333333333547e-03
4.250000000000000305e-02 6.916666666666666796e-02 7.791666666666666741e-01 1.091666666666666619e-01
8.500000000000000611e-02 4.174999999999999822e-01 2.966666666666666896e-01 2.008333333333333359e-01
2.583333333333333315e-02 2.316666666666666596e-01 4.833333333333333370e-01 2.591666666666666563e-01
4.333333333333333481e-02 3.074999999999999956e-01 4.724999999999999756e-01 1.766666666666666663e-01
2.974999999999999867e-01 5.058333333333333570e-01 1.250000000000000069e-02 1.841666666666666730e-01
4.016666666666666718e-01 1.799999999999999933e-01 3.875000000000000111e-01 3.083333333333333412e-02
4.933333333333333459e-01 9.750000000000000333e-02 2.250000000000000056e-01 1.841666666666666730e-01
2.675000000000000155e-01 2.625000000000000111e-01 4.149999999999999800e-01 5.500000000000000028e-02
2.983333333333333393e-01 3.058333333333333459e-01 2.441666666666666707e-01 1.516666666666666718e-01
4.733333333333333282e-01 1.191666666666666707e-01 2.449999999999999956e-01 1.625000000000000056e-01
3.916666666666666907e-02 2.000000000000000111e-01 1.966666666666666563e-01 5.641666666666667052e-01
