1.049999999999999961e-01 1.308333333333333293e-01 6.750000000000000444e-02 6.966666666666666563e-01
2.658333333333333104e-01 1.233333333333333365e-01 4.083333333333333259e-01 2.025000000000000133e-01
1.841666666666666730e-01 4.516666666666666607e-01 1.816666666666666707e-01 1.824999999999999956e-01
6.724999999999999867e-01 7.416666666666667240e-02 1.600000000000000033e-01 9.333333333333333759e-02
6.899999999999999467e-01 1.275000000000000022e-01 8.583333333333333093e-02 9.666666666666666463e-02
1.499999999999999944e-01 6.274999999999999467e-01 1.341666666666666563e-01 8.833333333333333315e-02
6.916666666666666796e-02 7.416666666666667240e-02 7.341666666666666341e-01 1.224999999999999978e-01
1.358333333333333337e-01 2.491666666666666752e-01 5.200000000000000178e-01 9.500000000000000111e-02
1.716666666666666619e-01 6.308333333333333570e-01 1.208333333333333343e-01 7.666666666666666075e-02
2.016666666666666607e-01 4.799999999999999822e-01 1.416666666666666630e-01 1.766666666666666663e-01
6.858333333333332948e-01 1.300000000000000044e-01 9.500000000000000111e-02 8.916666666666667185e-02
1.824999999999999956e-01 1.716666666666666619e-01 4.858333333333333393e-01 1.600000000000000033e-01
1.441666666666666652e-01 2.133333333333333470e-01 4.500000000000000111e-01 1.925000000000000044e-01
2.058333333333333404e-01 3.474999999999999756e-01 2.283333333333333326e-01 2.183333333333333237e-01
1.724999999999999867e-01 1.816666666666666707e-01 1.325000000000000067e-01 5.133333333333333082e-01
5.241666666666666696e-01 1.049999999999999961e-01 1.858333333333333226e-01 1.849999999999999978e-01
1.983333333333333337e-01 4.791666666666666852e-01 2.191666666666666763e-01 1.033333333333333326e-01
2.383333333333333415e-01 5.708333333333333037e-01 7.166666666666667018e-02 1.191666666666666707e-01
5.600000000000000533e-01 1.508333333333333470e-01 1.691666666666666596e-01 1.199999999999999956e-01
6.641666666666666829e-01 1.258333333333333248e-01 1.283333333333333270e-01 8.166666666666666519e-02
