4.083333333333333259e-02 2.966666666666666896e-01 1.783333333333333437e-01 4.841666666666666896e-01
1.675000000000000100e-01 4.016666666666666718e-01 1.049999999999999961e-01 3.258333333333333082e-01
8.416666666666666741e-02 1.916666666666666796e-01 3.975000000000000200e-01 3.266666666666666607e-01
2.675000000000000155e-01 1.074999999999999983e-01 4.441666666666666541e-01 1.808333333333333459e-01
5.258333333333333748e-01 1.524999999999999967e-01 8.833333333333333315e-02 2.333333333333333370e-01
4.333333333333333481e-02 1.049999999999999961e-01 3.866666666666666585e-01 4.650000000000000244e-01
1.866666666666666752e-01 4.750000000000000056e-02 2.899999999999999800e-01 4.758333333333333304e-01
3.474999999999999756e-01 4.708333333333333259e-01 8.083333333333332649e-02 1.008333333333333304e-01
1.533333333333333215e-01 2.999999999999999889e-01 4.091666666666666785e-01 1.375000000000000111e-01
2.291666666666666574e-01 1.866666666666666752e-01 2.558333333333333570e-01 3.283333333333333104e-01
2.349999999999999867e-01 6.083333333333333648e-02 1.125000000000000028e-01 5.916666666666666741e-01
1.333333333333333419e-02 4.833333333333333232e-02 3.508333333333333304e-01 5.875000000000000222e-01
2.949999999999999845e-01 3.608333333333333393e-01 2.550000000000000044e-01 8.916666666666667185e-02
4.341666666666666452e-01 2.000000000000000111e-01 1.083333333333333370e-02 3.549999999999999822e-01
5.249999999999999806e-02 3.474999999999999756e-01 4.908333333333333437e-01 1.091666666666666619e-01
1.499999999999999944e-02 3.958333333333333148e-01 2.141666666666666718e-01 3.750000000000000000e-01
1.491666666666666696e-01 6.558333333333333792e-01 2.999999999999999889e-02 1.650000000000000078e-01
2.516666666666666496e-01 5.750000000000000250e-02 4.166666666666666852e-01 2.741666666666666696e-01
1.191666666666666707e-01 4.216666666666666896e-01 3.583333333333333509e-02 4.233333333333333393e-01
1.758333333333333415e-01 3.158333333333333548e-01 8.583333333333333093e-02 4.224999999999999867e-01
4.416666666666666519e-01 2.525000000000000022e-01 1.749999999999999889e-01 1.308333333333333293e-01
3.775000000000000022e-01 3.158333333333333548e-01 1.441666666666666652e-01 1.625000000000000056e-01
8.833333333333333315e-02 1.049999999999999961e-01 3.566666666666666874e-01 4.500000000000000111e-01
