8.416666666666666741e-02 3.383333333333333193e-01 1.000000000000000056e-01 4.774999999999999800e-01
2.750000000000000222e-01 1.799999999999999933e-01 1.708333333333333370e-01 3.741666666666666474e-01
3.166666666666666935e-02 4.124999999999999778e-01 5.358333333333333837e-01 2.000000000000000042e-02
1.933333333333333293e-01 4.550000000000000155e-01 1.125000000000000028e-01 2.391666666666666663e-01
1.508333333333333470e-01 1.241666666666666613e-01 1.600000000000000033e-01 5.649999999999999467e-01
3.250000000000000111e-01 2.333333333333333370e-01 3.166666666666666519e-01 1.250000000000000000e-01
5.833333333333333426e-02 3.391666666666666718e-01 4.000000000000000222e-01 2.025000000000000133e-01
1.416666666666666630e-01 3.275000000000000133e-01 1.308333333333333293e-01 4.000000000000000222e-01
3.916666666666666907e-02 6.133333333333332860e-01 3.250000000000000111e-02 3.150000000000000022e-01
1.008333333333333304e-01 3.499999999999999778e-01 3.583333333333333509e-02 5.133333333333333082e-01
2.750000000000000014e-02 1.066666666666666735e-01 5.358333333333333837e-01 3.300000000000000155e-01
1.841666666666666730e-01 1.300000000000000044e-01 3.841666666666666563e-01 3.016666666666666941e-01
4.199999999999999845e-01 2.008333333333333359e-01 9.166666666666666019e-02 2.874999999999999778e-01
5.816666666666666652e-01 1.508333333333333470e-01 2.550000000000000044e-01 1.250000000000000069e-02
1.241666666666666613e-01 4.199999999999999845e-01 2.541666666666666519e-01 2.016666666666666607e-01
6.758333333333332860e-01 7.166666666666667018e-02 1.074999999999999983e-01 1.449999999999999900e-01
5.750000000000000250e-02 3.175000000000000044e-01 9.833333333333332815e-02 5.266666666666666163e-01
4.499999999999999833e-02 2.216666666666666785e-01 4.483333333333333059e-01 2.849999999999999756e-01
3.024999999999999911e-01 2.483333333333333226e-01 3.258333333333333082e-01 1.233333333333333365e-01
5.825000000000000178e-01 2.408333333333333437e-01 1.233333333333333365e-01 5.333333333333333676e-02
9.416666666666666241e-02 3.275000000000000133e-01 3.483333333333333282e-01 2.300000000000000100e-01
