6.433333333333333126e-01 2.358333333333333393e-01 2.500000000000000052e-03 1.183333333333333320e-01
8.999999999999999667e-02 9.083333333333333537e-02 3.225000000000000089e-01 4.966666666666666452e-01
1.258333333333333248e-01 7.833333333333333814e-02 2.783333333333333215e-01 5.174999999999999600e-01
1.600000000000000033e-01 5.116666666666667140e-01 3.916666666666666907e-02 2.891666666666666829e-01
1.008333333333333304e-01 3.383333333333333193e-01 2.325000000000000122e-01 3.283333333333333104e-01
4.858333333333333393e-01 1.300000000000000044e-01 3.666666666666666685e-02 3.474999999999999756e-01
4.508333333333333082e-01 2.291666666666666574e-01 1.600000000000000033e-01 1.600000000000000033e-01
6.833333333333332926e-02 5.491666666666666918e-01 1.358333333333333337e-01 2.466666666666666730e-01
3.699999999999999956e-01 2.791666666666666741e-01 1.008333333333333304e-01 2.500000000000000000e-01
5.183333333333333126e-01 3.333333333333333287e-02 1.975000000000000089e-01 2.508333333333333526e-01
5.583333333333333204e-02 4.799999999999999822e-01 3.191666666666666541e-01 1.449999999999999900e-01
9.249999999999999889e-02 2.741666666666666696e-01 5.633333333333333526e-01 7.000000000000000666e-02
1.266666666666666774e-01 4.000000000000000083e-02 7.108333333333333171e-01 1.224999999999999978e-01
9.500000000000000111e-02 4.475000000000000089e-01 2.016666666666666607e-01 2.558333333333333570e-01
9.416666666666666241e-02 2.074999999999999900e-01 4.558333333333333126e-01 2.424999999999999933e-01
6.700000000000000400e-01 3.083333333333333412e-02 1.766666666666666663e-01 1.224999999999999978e-01
1.591666666666666785e-01 2.833333333333333190e-02 7.066666666666666652e-01 1.058333333333333348e-01
1.808333333333333459e-01 2.750000000000000222e-01 1.675000000000000100e-01 3.766666666666666496e-01
1.700000000000000122e-01 3.366666666666666696e-01 3.108333333333333504e-01 1.824999999999999956e-01
2.949999999999999845e-01 4.750000000000000056e-02 1.583333333333333259e-01 4.991666666666666474e-01
