5.999999999999999778e-02 1.416666666666666595e-02 4.783333333333333326e-01 4.475000000000000089e-01
5.833333333333333426e-02 5.133333333333333082e-01 2.616666666666666585e-01 1.666666666666666574e-01
3.883333333333333082e-01 2.291666666666666574e-01 8.333333333333333868e-04 3.816666666666666541e-01
2.675000000000000155e-01 5.583333333333333204e-02 5.258333333333333748e-01 1.508333333333333470e-01
3.400000000000000244e-01 4.324999999999999956e-01 2.833333333333333190e-02 1.991666666666666585e-01
2.058333333333333404e-01 2.358333333333333393e-01 5.366666666666666252e-01 2.166666666666666741e-02
6.166666666666666824e-02 7.325000000000000400e-01 1.408333333333333381e-01 6.500000000000000222e-02
4.416666666666666519e-01 1.041666666666666713e-01 1.316666666666666541e-01 3.225000000000000089e-01
3.400000000000000244e-01 2.908333333333333326e-01 1.925000000000000044e-01 1.766666666666666663e-01
8.833333333333333315e-02 2.941666666666666874e-01 3.216666666666666563e-01 2.958333333333333370e-01
2.183333333333333237e-01 1.008333333333333304e-01 2.433333333333333459e-01 4.375000000000000000e-01
1.125000000000000028e-01 1.558333333333333237e-01 4.058333333333333237e-01 3.258333333333333082e-01
6.208333333333333481e-01 8.333333333333332871e-02 2.049999999999999878e-01 9.083333333333333537e-02
1.816666666666666707e-01 6.583333333333332704e-02 2.525000000000000022e-01 5.000000000000000000e-01
1.849999999999999978e-01 4.091666666666666785e-01 1.166666666666666720e-02 3.941666666666666652e-01
3.574999999999999845e-01 7.749999999999999944e-02 4.558333333333333126e-01 1.091666666666666619e-01
2.099999999999999922e-01 4.233333333333333393e-01 2.858333333333333282e-01 8.083333333333332649e-02
5.916666666666666741e-01 2.275000000000000078e-01 6.750000000000000444e-02 1.133333333333333276e-01
1.341666666666666563e-01 1.283333333333333270e-01 1.499999999999999944e-01 5.875000000000000222e-01
4.974999999999999978e-01 4.666666666666666879e-02 2.250000000000000056e-01 2.308333333333333348e-01
3.033333333333333437e-01 1.474999999999999922e-01 1.533333333333333215e-01 3.958333333333333148e-01
3.074999999999999956e-01 3.916666666666666907e-02 3.225000000000000089e-01 3.308333333333333126e-01
1.724999999999999867e-01 3.316666666666666652e-01 5.833333333333333426e-02 4.375000000000000000e-01
