7.133333333333333748e-01 9.833333333333332815e-02 2.500000000000000052e-03 1.858333333333333226e-01
2.949999999999999845e-01 1.891666666666666774e-01 3.624999999999999889e-01 1.533333333333333215e-01
7.099999999999999645e-01 1.008333333333333304e-01 4.583333333333333010e-02 1.433333333333333404e-01
1.683333333333333348e-01 5.416666666666666297e-01 3.749999999999999861e-02 2.525000000000000022e-01
9.166666666666666019e-02 1.983333333333333337e-01 6.450000000000000178e-01 6.500000000000000222e-02
4.383333333333333526e-01 1.499999999999999944e-02 1.000000000000000021e-02 5.366666666666666252e-01
1.474999999999999922e-01 1.416666666666666630e-01 4.258333333333333415e-01 2.849999999999999756e-01
1.466666666666666674e-01 2.616666666666666585e-01 5.608333333333332948e-01 3.083333333333333412e-02
5.024999999999999467e-01 2.666666666666666838e-02 1.191666666666666707e-01 3.516666666666666829e-01
3.825000000000000067e-01 9.833333333333332815e-02 3.574999999999999845e-01 1.616666666666666530e-01
2.958333333333333370e-01 2.974999999999999867e-01 2.675000000000000155e-01 1.391666666666666607e-01
6.500000000000000222e-02 4.058333333333333237e-01 8.999999999999999667e-02 4.391666666666666496e-01
5.374999999999999778e-01 9.750000000000000333e-02 1.275000000000000022e-01 2.374999999999999889e-01
2.433333333333333459e-01 2.691666666666666652e-01 2.066666666666666652e-01 2.808333333333333237e-01
1.491666666666666696e-01 4.141666666666666829e-01 3.275000000000000133e-01 1.091666666666666619e-01
5.033333333333332993e-01 2.566666666666666541e-01 1.849999999999999978e-01 5.500000000000000028e-02
2.316666666666666596e-01 1.458333333333333426e-01 4.149999999999999800e-01 2.074999999999999900e-01
1.583333333333333259e-01 4.583333333333333148e-01 1.049999999999999961e-01 2.783333333333333215e-01
2.166666666666666741e-01 2.608333333333333059e-01 3.491666666666666807e-01 1.733333333333333393e-01
8.166666666666666519e-02 2.058333333333333404e-01 1.908333333333333270e-01 5.216666666666666119e-01
