2.458333333333333204e-01 4.583333333333333010e-02 9.916666666666666685e-02 6.091666666666666341e-01
2.708333333333333148e-01 3.216666666666666563e-01 2.266666666666666552e-01 1.808333333333333459e-01
8.166666666666666519e-02 2.933333333333333348e-01 4.666666666666666741e-01 1.583333333333333259e-01
7.499999999999999722e-03 4.625000000000000222e-01 1.791666666666666685e-01 3.508333333333333304e-01
3.441666666666666763e-01 1.166666666666666685e-01 2.049999999999999878e-01 3.341666666666666674e-01
3.624999999999999889e-01 1.108333333333333393e-01 2.949999999999999845e-01 2.316666666666666596e-01
3.491666666666666807e-01 1.224999999999999978e-01 3.641666666666666941e-01 1.641666666666666552e-01
2.008333333333333359e-01 1.933333333333333293e-01 5.133333333333333082e-01 9.249999999999999889e-02
5.933333333333333792e-01 2.949999999999999845e-01 1.083333333333333370e-02 1.008333333333333304e-01
2.099999999999999922e-01 1.774999999999999911e-01 2.991666666666666918e-01 3.133333333333333526e-01
3.749999999999999861e-02 3.699999999999999956e-01 5.333333333333333676e-02 5.391666666666666829e-01
4.416666666666666519e-01 4.458333333333333592e-01 9.583333333333333981e-02 1.666666666666666644e-02
8.083333333333332649e-02 4.141666666666666829e-01 2.333333333333333440e-02 4.816666666666666874e-01
3.066666666666666430e-01 1.600000000000000033e-01 2.533333333333333548e-01 2.800000000000000266e-01
1.350000000000000089e-01 8.583333333333333093e-02 5.283333333333333215e-01 2.508333333333333526e-01
2.858333333333333282e-01 3.883333333333333082e-01 1.183333333333333320e-01 2.074999999999999900e-01
3.583333333333333509e-02 1.049999999999999961e-01 8.233333333333333615e-01 3.583333333333333509e-02
1.658333333333333326e-01 2.275000000000000078e-01 3.716666666666666452e-01 2.349999999999999867e-01
3.666666666666666685e-02 2.099999999999999922e-01 1.091666666666666619e-01 6.441666666666666652e-01
1.766666666666666663e-01 3.699999999999999956e-01 1.408333333333333381e-01 3.125000000000000000e-01
4.183333333333333348e-01 7.833333333333333814e-02 3.400000000000000244e-01 1.633333333333333304e-01
3.408333333333333215e-01 9.666666666666666463e-02 1.891666666666666774e-01 3.733333333333333504e-01
