2.025000000000000133e-01 1.108333333333333393e-01 1.408333333333333381e-01 5.458333333333332815e-01
2.083333333333333218e-02 4.833333333333333370e-01 2.708333333333333148e-01 2.250000000000000056e-01
6.108333333333333393e-01 1.966666666666666563e-01 1.000000000000000056e-01 9.249999999999999889e-02
9.833333333333332815e-02 1.074999999999999983e-01 5.741666666666667140e-01 2.200000000000000011e-01
3.750000000000000000e-01 2.775000000000000244e-01 6.750000000000000444e-02 2.800000000000000266e-01
2.733333333333333171e-01 5.933333333333333792e-01 2.666666666666666838e-02 1.066666666666666735e-01
7.499999999999999722e-03 1.841666666666666730e-01 7.183333333333333792e-01 8.999999999999999667e-02
4.924999999999999933e-01 9.166666666666666713e-03 1.866666666666666752e-01 3.116666666666666474e-01
1.458333333333333426e-01 1.675000000000000100e-01 2.458333333333333204e-01 4.408333333333333548e-01
4.274999999999999911e-01 3.791666666666666519e-01 1.808333333333333459e-01 1.250000000000000069e-02
4.666666666666666741e-01 5.416666666666666852e-02 1.416666666666666595e-02 4.650000000000000244e-01
3.724999999999999978e-01 2.266666666666666552e-01 1.499999999999999944e-01 2.508333333333333526e-01
3.800000000000000044e-01 2.449999999999999956e-01 2.966666666666666896e-01 7.833333333333333814e-02
3.775000000000000022e-01 3.875000000000000111e-01 2.999999999999999889e-02 2.049999999999999878e-01
3.333333333333333148e-01 1.491666666666666696e-01 4.466666666666666563e-01 7.083333333333333148e-02
5.991666666666666252e-01 1.683333333333333348e-01 1.408333333333333381e-01 9.166666666666666019e-02
1.916666666666666796e-01 4.533333333333333104e-01 4.166666666666666435e-02 3.133333333333333526e-01
4.499999999999999833e-02 4.124999999999999778e-01 2.108333333333333448e-01 3.316666666666666652e-01
5.500000000000000028e-02 5.341666666666666785e-01 4.166666666666666435e-02 3.691666666666666430e-01
1.391666666666666607e-01 2.391666666666666663e-01 1.983333333333333337e-01 4.233333333333333393e-01
2.116666666666666696e-01 3.458333333333333259e-01 2.241666666666666530e-01 2.183333333333333237e-01
