1.199999999999999956e-01 4.708333333333333259e-01 7.833333333333333814e-02 3.308333333333333126e-01
2.708333333333333148e-01 8.999999999999999667e-02 2.491666666666666752e-01 3.900000000000000133e-01
8.000000000000000167e-02 3.266666666666666607e-01 2.558333333333333570e-01 3.375000000000000222e-01
1.658333333333333326e-01 5.999999999999999778e-02 3.683333333333333459e-01 4.058333333333333237e-01
3.624999999999999889e-01 5.116666666666667140e-01 6.333333333333333870e-02 6.250000000000000000e-02
6.216666666666667007e-01 1.724999999999999867e-01 2.083333333333333218e-02 1.849999999999999978e-01
1.033333333333333326e-01 5.750000000000000250e-02 1.283333333333333270e-01 7.108333333333333171e-01
2.758333333333333193e-01 2.566666666666666541e-01 2.800000000000000266e-01 1.875000000000000000e-01
2.066666666666666652e-01 1.666666666666666644e-02 6.274999999999999467e-01 1.491666666666666696e-01
1.333333333333333315e-01 6.891666666666667052e-01 1.241666666666666613e-01 5.333333333333333676e-02
1.458333333333333426e-01 2.491666666666666752e-01 2.974999999999999867e-01 3.074999999999999956e-01
2.616666666666666585e-01 3.383333333333333193e-01 3.766666666666666496e-01 2.333333333333333440e-02
2.783333333333333215e-01 7.916666666666666297e-02 4.633333333333333193e-01 1.791666666666666685e-01
2.174999999999999989e-01 1.266666666666666774e-01 4.916666666666666408e-01 1.641666666666666552e-01
2.166666666666666741e-01 3.508333333333333304e-01 3.383333333333333193e-01 9.416666666666666241e-02
3.466666666666666785e-01 7.499999999999999722e-02 4.366666666666666474e-01 1.416666666666666630e-01
1.383333333333333359e-01 2.141666666666666718e-01 1.458333333333333426e-01 5.016666666666667052e-01
7.550000000000000044e-01 7.749999999999999944e-02 2.249999999999999917e-02 1.449999999999999900e-01
1.866666666666666752e-01 1.449999999999999900e-01 3.200000000000000067e-01 3.483333333333333282e-01
2.158333333333333215e-01 1.575000000000000011e-01 4.083333333333333259e-02 5.858333333333333171e-01
