1.108333333333333393e-01 1.975000000000000089e-01 5.424999999999999822e-01 1.491666666666666696e-01
1.191666666666666707e-01 9.083333333333333537e-02 5.708333333333333037e-01 2.191666666666666763e-01
1.308333333333333293e-01 3.350000000000000200e-01 3.008333333333333415e-01 2.333333333333333370e-01
2.949999999999999845e-01 4.016666666666666718e-01 2.916666666666666713e-02 2.741666666666666696e-01
3.875000000000000111e-01 1.524999999999999967e-01 2.341666666666666619e-01 2.258333333333333304e-01
2.341666666666666619e-01 2.725000000000000200e-01 1.166666666666666685e-01 3.766666666666666496e-01
1.083333333333333370e-02 2.858333333333333282e-01 5.666666666666666519e-01 1.366666666666666585e-01
2.233333333333333282e-01 2.250000000000000056e-01 4.799999999999999822e-01 7.166666666666667018e-02
3.416666666666666741e-01 2.733333333333333171e-01 2.416666666666666616e-02 3.608333333333333393e-01
2.575000000000000067e-01 5.625000000000000000e-01 8.416666666666666741e-02 9.583333333333333981e-02
1.449999999999999900e-01 3.991666666666666696e-01 2.258333333333333304e-01 2.300000000000000100e-01
2.025000000000000133e-01 1.675000000000000100e-01 1.958333333333333315e-01 4.341666666666666452e-01
1.108333333333333393e-01 3.624999999999999889e-01 3.241666666666666585e-01 2.025000000000000133e-01
7.833333333333333814e-02 4.025000000000000244e-01 2.866666666666666807e-01 2.325000000000000122e-01
2.500000000000000052e-03 1.058333333333333348e-01 2.141666666666666718e-01 6.774999999999999911e-01
4.416666666666666657e-02 3.749999999999999861e-02 6.341666666666666563e-01 2.841666666666666785e-01
6.283333333333332993e-01 2.416666666666666616e-02 2.808333333333333237e-01 6.666666666666666574e-02
2.241666666666666530e-01 4.291666666666666408e-01 2.783333333333333215e-01 6.833333333333332926e-02
3.333333333333333287e-02 6.025000000000000355e-01 2.391666666666666663e-01 1.250000000000000000e-01
8.749999999999999445e-02 2.899999999999999800e-01 2.391666666666666663e-01 3.833333333333333592e-01
5.416666666666666852e-02 4.274999999999999911e-01 3.375000000000000222e-01 1.808333333333333459e-01
1.166666666666666685e-01 1.866666666666666752e-01 4.333333333333333481e-01 2.633333333333333082e-01
8.916666666666667185e-02 6.916666666666666796e-02 2.183333333333333237e-01 6.233333333333332948e-01
