2.091666666666666674e-01 6.333333333333333870e-02 1.733333333333333393e-01 5.541666666666666963e-01
5.949999999999999734e-01 1.125000000000000028e-01 2.041666666666666630e-01 8.833333333333333315e-02
1.916666666666666519e-02 7.475000000000000533e-01 1.350000000000000089e-01 9.833333333333332815e-02
2.233333333333333282e-01 4.441666666666666541e-01 1.033333333333333326e-01 2.291666666666666574e-01
1.499999999999999944e-02 3.141666666666666496e-01 2.533333333333333548e-01 4.174999999999999822e-01
4.266666666666666941e-01 1.683333333333333348e-01 3.200000000000000067e-01 8.500000000000000611e-02
3.541666666666666852e-01 1.358333333333333337e-01 4.774999999999999800e-01 3.250000000000000111e-02
3.400000000000000244e-01 1.150000000000000050e-01 4.691666666666666763e-01 7.583333333333333592e-02
1.408333333333333381e-01 5.066666666666667096e-01 3.150000000000000022e-01 3.749999999999999861e-02
4.099999999999999756e-01 9.750000000000000333e-02 1.549999999999999989e-01 3.375000000000000222e-01
2.858333333333333282e-01 3.733333333333333504e-01 3.916666666666666907e-02 3.016666666666666941e-01
4.566666666666666652e-01 1.066666666666666735e-01 1.441666666666666652e-01 2.924999999999999822e-01
1.883333333333333248e-01 2.083333333333333218e-02 5.799999999999999600e-01 2.108333333333333448e-01
1.866666666666666752e-01 7.000000000000000666e-02 2.149999999999999967e-01 5.283333333333333215e-01
3.583333333333333509e-02 5.274999999999999689e-01 3.516666666666666829e-01 8.500000000000000611e-02
1.824999999999999956e-01 5.258333333333333748e-01 1.566666666666666763e-01 1.350000000000000089e-01
8.583333333333333093e-02 1.474999999999999922e-01 1.608333333333333282e-01 6.058333333333333348e-01
3.599999999999999867e-01 1.625000000000000056e-01 4.249999999999999889e-01 5.249999999999999806e-02
3.449999999999999734e-01 1.824999999999999956e-01 3.800000000000000044e-01 9.249999999999999889e-02
7.083333333333333148e-02 4.416666666666666519e-01 2.999999999999999889e-01 1.875000000000000000e-01
6.083333333333333648e-02 2.608333333333333059e-01 3.833333333333333592e-01 2.949999999999999845e-01
