7.499999999999999722e-02 4.458333333333333592e-01 3.708333333333333481e-01 1.083333333333333370e-01
1.083333333333333370e-01 1.350000000000000089e-01 5.358333333333333837e-01 2.208333333333333259e-01
2.808333333333333237e-01 6.666666666666666574e-02 2.399999999999999911e-01 4.124999999999999778e-01
1.041666666666666713e-01 1.250000000000000069e-02 6.891666666666667052e-01 1.941666666666666541e-01
5.916666666666666602e-02 5.908333333333333215e-01 3.175000000000000044e-01 3.250000000000000111e-02
9.833333333333332815e-02 2.883333333333333304e-01 3.516666666666666829e-01 2.616666666666666585e-01
2.341666666666666619e-01 3.208333333333333592e-01 2.974999999999999867e-01 1.474999999999999922e-01
8.083333333333332649e-02 2.466666666666666730e-01 5.699999999999999512e-01 1.024999999999999939e-01
6.083333333333333648e-02 3.983333333333333171e-01 1.916666666666666519e-02 5.216666666666666119e-01
3.083333333333333412e-02 1.491666666666666696e-01 5.991666666666666252e-01 2.208333333333333259e-01
2.091666666666666674e-01 2.474999999999999978e-01 5.216666666666666119e-01 2.166666666666666741e-02
2.899999999999999800e-01 4.333333333333333481e-02 3.216666666666666563e-01 3.449999999999999734e-01
3.483333333333333282e-01 1.224999999999999978e-01 2.833333333333333190e-02 5.008333333333333526e-01
3.533333333333333326e-01 3.666666666666666685e-02 2.341666666666666619e-01 3.758333333333333526e-01
2.200000000000000011e-01 1.683333333333333348e-01 5.949999999999999734e-01 1.666666666666666644e-02
2.399999999999999911e-01 2.841666666666666785e-01 2.833333333333333259e-01 1.925000000000000044e-01
1.308333333333333293e-01 1.466666666666666674e-01 4.525000000000000133e-01 2.700000000000000178e-01
2.533333333333333548e-01 2.191666666666666763e-01 4.741666666666666807e-01 5.333333333333333676e-02
6.750000000000000444e-02 5.749999999999999556e-01 4.166666666666666435e-02 3.158333333333333548e-01
3.074999999999999956e-01 2.083333333333333218e-02 2.508333333333333526e-01 4.208333333333333370e-01
