8.833333333333333315e-02 1.749999999999999889e-01 5.808333333333333126e-01 1.558333333333333237e-01
2.449999999999999956e-01 1.391666666666666607e-01 4.466666666666666563e-01 1.691666666666666596e-01
5.999999999999999778e-02 1.841666666666666730e-01 2.533333333333333548e-01 5.024999999999999467e-01
7.249999999999999500e-02 1.675000000000000100e-01 3.649999999999999911e-01 3.950000000000000178e-01
5.416666666666666852e-02 5.008333333333333526e-01 3.316666666666666652e-01 1.133333333333333276e-01
5.400000000000000355e-01 2.441666666666666707e-01 7.833333333333333814e-02 1.375000000000000111e-01
2.775000000000000244e-01 5.916666666666666602e-02 1.941666666666666541e-01 4.691666666666666763e-01
2.958333333333333370e-01 2.316666666666666596e-01 3.791666666666666519e-01 9.333333333333333759e-02
5.666666666666666380e-02 3.800000000000000044e-01 3.833333333333333592e-01 1.799999999999999933e-01
1.883333333333333248e-01 3.425000000000000266e-01 2.658333333333333104e-01 2.033333333333333381e-01
7.233333333333333837e-01 7.000000000000000666e-02 3.916666666666666907e-02 1.675000000000000100e-01
3.416666666666666463e-02 3.150000000000000022e-01 2.683333333333333126e-01 3.825000000000000067e-01
9.583333333333333981e-02 6.258333333333333526e-01 1.458333333333333426e-01 1.325000000000000067e-01
5.416666666666666852e-02 8.666666666666666963e-02 3.441666666666666763e-01 5.150000000000000133e-01
4.499999999999999833e-02 3.066666666666666430e-01 5.033333333333332993e-01 1.449999999999999900e-01
2.558333333333333570e-01 1.499999999999999944e-02 5.141666666666666607e-01 2.149999999999999967e-01
1.474999999999999922e-01 3.250000000000000111e-01 1.891666666666666774e-01 3.383333333333333193e-01
2.049999999999999878e-01 1.266666666666666774e-01 6.666666666666666574e-02 6.016666666666666829e-01
1.633333333333333304e-01 1.650000000000000078e-01 2.383333333333333415e-01 4.333333333333333481e-01
8.000000000000000167e-02 1.816666666666666707e-01 5.300000000000000266e-01 2.083333333333333426e-01
5.274999999999999689e-01 9.916666666666666685e-02 3.333333333333333148e-01 4.000000000000000083e-02
1.650000000000000078e-01 2.683333333333333126e-01 9.583333333333333981e-02 4.708333333333333259e-01
