2.916666666666666713e-02 1.358333333333333337e-01 5.666666666666666380e-02 7.783333333333333215e-01
7.175000000000000266e-01 1.125000000000000028e-01 4.499999999999999833e-02 1.250000000000000000e-01
1.000000000000000021e-02 4.600000000000000200e-01 3.591666666666666896e-01 1.708333333333333370e-01
1.333333333333333315e-01 2.716666666666666674e-01 3.541666666666666852e-01 2.408333333333333437e-01
2.708333333333333148e-01 4.191666666666666874e-01 1.466666666666666674e-01 1.633333333333333304e-01
1.166666666666666720e-02 3.116666666666666474e-01 4.058333333333333237e-01 2.708333333333333148e-01
1.449999999999999900e-01 8.000000000000000167e-02 4.416666666666666519e-01 3.333333333333333148e-01
3.325000000000000178e-01 2.241666666666666530e-01 4.083333333333333259e-01 3.500000000000000333e-02
2.533333333333333548e-01 2.641666666666666607e-01 3.074999999999999956e-01 1.749999999999999889e-01
3.041666666666666408e-01 5.583333333333333204e-02 1.325000000000000067e-01 5.074999999999999512e-01
6.500000000000000222e-02 3.091666666666666452e-01 4.666666666666666879e-02 5.791666666666667185e-01
2.591666666666666563e-01 1.325000000000000067e-01 3.649999999999999911e-01 2.433333333333333459e-01
9.500000000000000111e-02 5.316666666666666208e-01 1.125000000000000028e-01 2.608333333333333059e-01
8.000000000000000167e-02 5.533333333333333437e-01 1.074999999999999983e-01 2.591666666666666563e-01
1.516666666666666718e-01 5.825000000000000178e-01 2.166666666666666741e-02 2.441666666666666707e-01
4.349999999999999978e-01 2.666666666666666630e-01 2.333333333333333440e-02 2.750000000000000222e-01
2.466666666666666730e-01 1.016666666666666691e-01 4.600000000000000200e-01 1.916666666666666796e-01
3.583333333333333509e-02 4.491666666666666585e-01 4.500000000000000111e-01 6.500000000000000222e-02
1.408333333333333381e-01 4.466666666666666563e-01 2.066666666666666652e-01 2.058333333333333404e-01
2.766666666666666718e-01 3.616666666666666918e-01 1.808333333333333459e-01 1.808333333333333459e-01
5.000000000000000278e-02 3.816666666666666541e-01 1.891666666666666774e-01 3.791666666666666519e-01
