7.724999999999999645e-01 1.233333333333333365e-01 3.416666666666666463e-02 7.000000000000000666e-02
2.666666666666666630e-01 1.683333333333333348e-01 1.824999999999999956e-01 3.825000000000000067e-01
3.833333333333333037e-02 5.216666666666666119e-01 3.499999999999999778e-01 8.999999999999999667e-02
2.008333333333333359e-01 8.000000000000000167e-02 2.933333333333333348e-01 4.258333333333333415e-01
5.558333333333332904e-01 1.033333333333333326e-01 1.666666666666666774e-03 3.391666666666666718e-01
4.166666666666666435e-02 3.775000000000000022e-01 2.575000000000000067e-01 3.233333333333333059e-01
2.816666666666666763e-01 2.683333333333333126e-01 1.958333333333333315e-01 2.541666666666666519e-01
1.258333333333333248e-01 4.708333333333333259e-01 1.558333333333333237e-01 2.474999999999999978e-01
2.508333333333333526e-01 4.016666666666666718e-01 2.374999999999999889e-01 1.100000000000000006e-01
7.416666666666667240e-02 2.316666666666666596e-01 2.241666666666666530e-01 4.699999999999999734e-01
6.550000000000000266e-01 9.500000000000000111e-02 1.108333333333333393e-01 1.391666666666666607e-01
3.574999999999999845e-01 7.166666666666667018e-02 1.658333333333333326e-01 4.050000000000000266e-01
1.041666666666666713e-01 1.183333333333333320e-01 5.041666666666666519e-01 2.733333333333333171e-01
3.291666666666666630e-01 1.308333333333333293e-01 1.483333333333333448e-01 3.916666666666666630e-01
4.583333333333333010e-02 7.833333333333333814e-02 4.874999999999999889e-01 3.883333333333333082e-01
1.416666666666666630e-01 4.899999999999999911e-01 1.583333333333333259e-01 2.099999999999999922e-01
2.824999999999999734e-01 1.316666666666666541e-01 2.191666666666666763e-01 3.666666666666666408e-01
3.216666666666666563e-01 5.833333333333333426e-02 5.999999999999999778e-02 5.600000000000000533e-01
2.025000000000000133e-01 1.333333333333333315e-01 1.650000000000000078e-01 4.991666666666666474e-01
3.858333333333333059e-01 4.833333333333333370e-01 8.250000000000000389e-02 4.833333333333333232e-02
7.499999999999999722e-02 2.191666666666666763e-01 2.449999999999999956e-01 4.608333333333333171e-01
3.950000000000000178e-01 1.408333333333333381e-01 2.116666666666666696e-01 2.525000000000000022e-01
6.833333333333332926e-02 1.199999999999999956e-01 5.691666666666667096e-01 2.424999999999999933e-01
