9.666666666666666463e-02 1.091666666666666619e-01 7.700000000000000178e-01 2.416666666666666616e-02
3.183333333333333570e-01 4.583333333333333148e-01 6.666666666666666574e-02 1.566666666666666763e-01
1.508333333333333470e-01 5.833333333333333426e-02 4.283333333333333437e-01 3.624999999999999889e-01
2.641666666666666607e-01 4.666666666666666879e-02 5.608333333333332948e-01 1.283333333333333270e-01
9.750000000000000333e-02 2.683333333333333126e-01 3.383333333333333193e-01 2.958333333333333370e-01
1.375000000000000111e-01 8.749999999999999445e-02 7.416666666666667240e-02 7.008333333333333082e-01
1.325000000000000067e-01 5.825000000000000178e-01 8.833333333333333315e-02 1.966666666666666563e-01
2.108333333333333448e-01 5.500000000000000028e-02 4.108333333333333282e-01 3.233333333333333059e-01
2.449999999999999956e-01 2.816666666666666763e-01 2.883333333333333304e-01 1.849999999999999978e-01
1.183333333333333320e-01 1.449999999999999900e-01 5.833333333333333426e-02 6.783333333333333437e-01
1.608333333333333282e-01 1.424999999999999878e-01 2.824999999999999734e-01 4.141666666666666829e-01
3.375000000000000222e-01 2.974999999999999867e-01 1.925000000000000044e-01 1.724999999999999867e-01
4.408333333333333548e-01 5.916666666666666602e-02 3.758333333333333526e-01 1.241666666666666613e-01
1.058333333333333348e-01 8.083333333333332649e-02 1.491666666666666696e-01 6.641666666666666829e-01
2.583333333333333592e-01 6.624999999999999778e-01 2.999999999999999889e-02 4.916666666666666408e-02
8.749999999999999445e-02 2.325000000000000122e-01 4.391666666666666496e-01 2.408333333333333437e-01
