6.674999999999999822e-01 7.916666666666666297e-02 4.833333333333333232e-02 2.049999999999999878e-01
4.750000000000000056e-02 3.400000000000000244e-01 2.391666666666666663e-01 3.733333333333333504e-01
3.391666666666666718e-01 5.699999999999999512e-01 1.916666666666666519e-02 7.166666666666667018e-02
1.258333333333333248e-01 3.474999999999999756e-01 3.758333333333333526e-01 1.508333333333333470e-01
2.924999999999999822e-01 1.258333333333333248e-01 5.000000000000000278e-02 5.316666666666666208e-01
1.191666666666666707e-01 3.983333333333333171e-01 3.975000000000000200e-01 8.500000000000000611e-02
1.641666666666666552e-01 2.700000000000000178e-01 4.241666666666666918e-01 1.416666666666666630e-01
2.374999999999999889e-01 2.116666666666666696e-01 3.816666666666666541e-01 1.691666666666666596e-01
4.458333333333333592e-01 1.791666666666666685e-01 2.124999999999999944e-01 1.625000000000000056e-01
3.916666666666666907e-02 2.433333333333333459e-01 3.966666666666666674e-01 3.208333333333333592e-01
5.583333333333333481e-01 2.725000000000000200e-01 1.016666666666666691e-01 6.750000000000000444e-02
3.649999999999999911e-01 1.233333333333333365e-01 1.383333333333333359e-01 3.733333333333333504e-01
3.499999999999999778e-01 1.891666666666666774e-01 2.991666666666666918e-01 1.616666666666666530e-01
2.016666666666666607e-01 2.575000000000000067e-01 4.891666666666666941e-01 5.166666666666666630e-02
2.666666666666666630e-01 4.299999999999999933e-01 1.074999999999999983e-01 1.958333333333333315e-01
1.049999999999999961e-01 8.166666666666666519e-02 7.333333333333333370e-02 7.399999999999999911e-01
3.908333333333333104e-01 8.333333333333332871e-02 1.633333333333333304e-01 3.624999999999999889e-01
1.466666666666666674e-01 2.083333333333333426e-01 6.241666666666666474e-01 2.083333333333333218e-02
4.833333333333333232e-02 2.391666666666666663e-01 2.791666666666666741e-01 4.333333333333333481e-01
1.950000000000000067e-01 2.141666666666666718e-01 3.733333333333333504e-01 2.174999999999999989e-01
3.441666666666666763e-01 2.333333333333333370e-01 2.449999999999999956e-01 1.774999999999999911e-01
7.633333333333333082e-01 1.116666666666666641e-01 2.083333333333333218e-02 1.041666666666666713e-01
