1.658333333333333326e-01 4.833333333333333232e-02 5.000000000000000104e-03 7.808333333333333792e-01
2.008333333333333359e-01 5.508333333333332860e-01 1.808333333333333459e-01 6.750000000000000444e-02
1.024999999999999939e-01 1.074999999999999983e-01 1.933333333333333293e-01 5.966666666666666785e-01
4.758333333333333304e-01 1.166666666666666720e-02 4.633333333333333193e-01 4.916666666666666408e-02
2.391666666666666663e-01 1.466666666666666674e-01 3.158333333333333548e-01 2.983333333333333393e-01
1.316666666666666541e-01 2.241666666666666530e-01 1.283333333333333270e-01 5.158333333333333659e-01
7.316666666666666874e-01 1.799999999999999933e-01 2.166666666666666741e-02 6.666666666666666574e-02
3.591666666666666896e-01 6.666666666666666574e-02 1.383333333333333359e-01 4.358333333333333504e-01
1.483333333333333448e-01 3.158333333333333548e-01 2.775000000000000244e-01 2.583333333333333592e-01
8.250000000000000389e-02 3.150000000000000022e-01 4.816666666666666874e-01 1.208333333333333343e-01
2.600000000000000089e-01 1.074999999999999983e-01 8.583333333333333093e-02 5.466666666666666341e-01
4.974999999999999978e-01 2.149999999999999967e-01 1.233333333333333365e-01 1.641666666666666552e-01
1.933333333333333293e-01 2.283333333333333326e-01 2.666666666666666630e-01 3.116666666666666474e-01
6.083333333333333648e-02 3.058333333333333459e-01 5.541666666666666963e-01 7.916666666666666297e-02
6.758333333333332860e-01 1.283333333333333270e-01 4.499999999999999833e-02 1.508333333333333470e-01
8.833333333333333315e-02 3.941666666666666652e-01 3.649999999999999911e-01 1.524999999999999967e-01
