4.266666666666666941e-01 1.333333333333333315e-01 6.750000000000000444e-02 3.724999999999999978e-01
1.600000000000000033e-01 1.250000000000000000e-01 2.908333333333333326e-01 4.241666666666666918e-01
8.749999999999999445e-02 9.500000000000000111e-02 1.791666666666666685e-01 6.383333333333333082e-01
4.691666666666666763e-01 2.166666666666666741e-01 1.541666666666666741e-01 1.600000000000000033e-01
3.008333333333333415e-01 3.316666666666666652e-01 2.266666666666666552e-01 1.408333333333333381e-01
4.591666666666666674e-01 3.499999999999999778e-01 1.400000000000000133e-01 5.083333333333333454e-02
2.458333333333333204e-01 9.416666666666666241e-02 5.783333333333333659e-01 8.166666666666666519e-02
5.083333333333333454e-02 3.891666666666666607e-01 2.333333333333333370e-01 3.266666666666666607e-01
6.374999999999999556e-01 1.049999999999999961e-01 7.083333333333333148e-02 1.866666666666666752e-01
3.491666666666666807e-01 1.716666666666666619e-01 2.200000000000000011e-01 2.591666666666666563e-01
5.041666666666666519e-01 2.583333333333333315e-02 2.558333333333333570e-01 2.141666666666666718e-01
1.283333333333333270e-01 4.050000000000000266e-01 3.391666666666666718e-01 1.275000000000000022e-01
3.166666666666666935e-02 2.858333333333333282e-01 1.125000000000000028e-01 5.699999999999999512e-01
4.849999999999999867e-01 2.600000000000000089e-01 2.333333333333333440e-02 2.316666666666666596e-01
1.783333333333333437e-01 3.150000000000000022e-01 3.125000000000000000e-01 1.941666666666666541e-01
1.199999999999999956e-01 3.291666666666666630e-01 1.583333333333333259e-01 3.925000000000000155e-01
9.333333333333333759e-02 5.616666666666666474e-01 2.158333333333333215e-01 1.291666666666666796e-01
2.933333333333333348e-01 5.949999999999999734e-01 2.750000000000000014e-02 8.416666666666666741e-02
1.875000000000000000e-01 8.916666666666667185e-02 1.358333333333333337e-01 5.875000000000000222e-01
3.416666666666666463e-02 6.366666666666667140e-01 1.341666666666666563e-01 1.950000000000000067e-01
4.666666666666666879e-02 5.416666666666666852e-02 8.283333333333333659e-01 7.083333333333333148e-02
2.325000000000000122e-01 3.074999999999999956e-01 1.833333333333333204e-01 2.766666666666666718e-01
2.291666666666666574e-01 2.383333333333333415e-01 3.358333333333333171e-01 1.966666666666666563e-01
