2.166666666666666741e-02 4.724999999999999756e-01 5.750000000000000250e-02 4.483333333333333059e-01
2.883333333333333304e-01 1.316666666666666541e-01 3.283333333333333104e-01 2.516666666666666496e-01
4.316666666666666430e-01 1.950000000000000067e-01 2.208333333333333259e-01 1.524999999999999967e-01
1.116666666666666641e-01 6.008333333333333304e-01 5.833333333333333426e-02 2.291666666666666574e-01
1.058333333333333348e-01 1.024999999999999939e-01 1.958333333333333315e-01 5.958333333333333259e-01
4.191666666666666874e-01 5.583333333333333204e-02 3.950000000000000178e-01 1.300000000000000044e-01
3.875000000000000111e-01 1.900000000000000022e-01 3.833333333333333592e-01 3.916666666666666907e-02
3.975000000000000200e-01 4.041666666666666741e-01 7.666666666666666075e-02 1.216666666666666730e-01
6.416666666666666352e-02 1.224999999999999978e-01 6.408333333333333659e-01 1.724999999999999867e-01
5.333333333333333676e-02 5.666666666666666380e-02 1.250000000000000000e-01 7.650000000000000133e-01
1.174999999999999933e-01 1.150000000000000050e-01 1.708333333333333370e-01 5.966666666666666785e-01
1.808333333333333459e-01 3.775000000000000022e-01 4.583333333333333010e-02 3.958333333333333148e-01
1.208333333333333343e-01 3.125000000000000000e-01 2.949999999999999845e-01 2.716666666666666674e-01
3.091666666666666452e-01 1.366666666666666585e-01 4.291666666666666408e-01 1.250000000000000000e-01
5.541666666666666963e-01 1.749999999999999889e-01 2.416666666666666685e-01 2.916666666666666713e-02
3.341666666666666674e-01 2.208333333333333259e-01 4.266666666666666941e-01 1.833333333333333343e-02
2.349999999999999867e-01 2.366666666666666641e-01 3.649999999999999911e-01 1.633333333333333304e-01
5.200000000000000178e-01 6.416666666666666352e-02 2.575000000000000067e-01 1.583333333333333259e-01
1.150000000000000050e-01 2.775000000000000244e-01 2.316666666666666596e-01 3.758333333333333526e-01
5.383333333333333304e-01 2.183333333333333237e-01 6.250000000000000000e-02 1.808333333333333459e-01
1.291666666666666796e-01 2.158333333333333215e-01 1.266666666666666774e-01 5.283333333333333215e-01
3.083333333333333481e-01 3.316666666666666652e-01 3.033333333333333437e-01 5.666666666666666380e-02
2.291666666666666574e-01 3.991666666666666696e-01 3.041666666666666408e-01 6.750000000000000444e-02
