1.083333333333333370e-02 3.358333333333333171e-01 4.866666666666666918e-01 1.666666666666666574e-01
3.616666666666666918e-01 3.524999999999999800e-01 1.283333333333333270e-01 1.575000000000000011e-01
7.091666666666666119e-01 4.000000000000000083e-02 1.250000000000000000e-01 1.258333333333333248e-01
1.766666666666666663e-01 6.450000000000000178e-01 4.000000000000000083e-02 1.383333333333333359e-01
1.533333333333333215e-01 2.174999999999999989e-01 2.049999999999999878e-01 4.241666666666666918e-01
5.524999999999999911e-01 7.916666666666666297e-02 3.083333333333333412e-02 3.375000000000000222e-01
2.083333333333333426e-01 6.258333333333333526e-01 7.249999999999999500e-02 9.333333333333333759e-02
1.325000000000000067e-01 1.566666666666666763e-01 4.824999999999999845e-01 2.283333333333333326e-01
5.666666666666666380e-02 1.024999999999999939e-01 6.975000000000000089e-01 1.433333333333333404e-01
1.841666666666666730e-01 1.150000000000000050e-01 3.950000000000000178e-01 3.058333333333333459e-01
4.349999999999999978e-01 1.591666666666666785e-01 2.124999999999999944e-01 1.933333333333333293e-01
1.183333333333333320e-01 4.108333333333333282e-01 1.558333333333333237e-01 3.150000000000000022e-01
1.849999999999999978e-01 1.108333333333333393e-01 6.075000000000000400e-01 9.666666666666666463e-02
2.408333333333333437e-01 1.724999999999999867e-01 2.491666666666666752e-01 3.375000000000000222e-01
6.916666666666666796e-02 2.633333333333333082e-01 1.516666666666666718e-01 5.158333333333333659e-01
3.800000000000000044e-01 1.499999999999999944e-01 2.816666666666666763e-01 1.883333333333333248e-01
6.250000000000000000e-02 3.749999999999999861e-02 4.066666666666666763e-01 4.933333333333333459e-01
3.275000000000000133e-01 1.675000000000000100e-01 4.191666666666666874e-01 8.583333333333333093e-02
2.033333333333333381e-01 1.266666666666666774e-01 5.533333333333333437e-01 1.166666666666666685e-01
