2.658333333333333104e-01 3.508333333333333304e-01 3.683333333333333459e-01 1.499999999999999944e-02
2.275000000000000078e-01 3.716666666666666452e-01 7.499999999999999722e-02 3.258333333333333082e-01
3.366666666666666696e-01 2.983333333333333393e-01 3.074999999999999956e-01 5.750000000000000250e-02
9.750000000000000333e-02 9.666666666666666463e-02 4.433333333333333570e-01 3.624999999999999889e-01
1.808333333333333459e-01 1.000000000000000021e-02 2.608333333333333059e-01 5.483333333333333393e-01
6.583333333333332704e-02 2.658333333333333104e-01 6.333333333333333037e-01 3.500000000000000333e-02
3.958333333333333148e-01 7.166666666666667018e-02 4.791666666666666852e-01 5.333333333333333676e-02
9.333333333333333759e-02 6.541666666666666741e-01 1.433333333333333404e-01 1.091666666666666619e-01
1.166666666666666720e-02 2.600000000000000089e-01 2.625000000000000111e-01 4.658333333333333215e-01
3.908333333333333104e-01 9.166666666666666019e-02 3.633333333333333415e-01 1.541666666666666741e-01
1.366666666666666585e-01 2.416666666666666685e-01 3.758333333333333526e-01 2.458333333333333204e-01
3.291666666666666630e-01 2.258333333333333304e-01 4.158333333333333326e-01 2.916666666666666713e-02
2.733333333333333171e-01 2.974999999999999867e-01 1.000000000000000021e-02 4.191666666666666874e-01
1.908333333333333270e-01 2.974999999999999867e-01 3.541666666666666852e-01 1.575000000000000011e-01
8.916666666666667185e-02 3.166666666666666935e-02 8.325000000000000178e-01 4.666666666666666879e-02
2.358333333333333393e-01 2.225000000000000033e-01 1.625000000000000056e-01 3.791666666666666519e-01
2.991666666666666918e-01 1.483333333333333448e-01 3.850000000000000089e-01 1.675000000000000100e-01
1.100000000000000006e-01 1.683333333333333348e-01 2.033333333333333381e-01 5.183333333333333126e-01
1.691666666666666596e-01 1.499999999999999944e-01 5.000000000000000104e-03 6.758333333333332860e-01
1.483333333333333448e-01 4.583333333333333148e-01 1.900000000000000022e-01 2.033333333333333381e-01
