2.149999999999999967e-01 1.524999999999999967e-01 5.899999999999999689e-01 4.250000000000000305e-02
7.841666666666666785e-01 3.250000000000000111e-02 7.333333333333333370e-02 1.100000000000000006e-01
4.750000000000000056e-02 7.950000000000000400e-01 1.366666666666666585e-01 2.083333333333333218e-02
5.808333333333333126e-01 2.141666666666666718e-01 7.583333333333333592e-02 1.291666666666666796e-01
1.566666666666666763e-01 1.024999999999999939e-01 3.658333333333333437e-01 3.750000000000000000e-01
2.033333333333333381e-01 3.966666666666666674e-01 1.908333333333333270e-01 2.091666666666666674e-01
3.474999999999999756e-01 2.916666666666666852e-01 6.666666666666666574e-02 2.941666666666666874e-01
4.333333333333333481e-01 3.350000000000000200e-01 5.833333333333333426e-02 1.733333333333333393e-01
1.291666666666666796e-01 2.141666666666666718e-01 5.833333333333333426e-02 5.983333333333333837e-01
1.491666666666666696e-01 7.916666666666666297e-02 1.275000000000000022e-01 6.441666666666666652e-01
2.441666666666666707e-01 3.724999999999999978e-01 2.916666666666666713e-02 3.541666666666666852e-01
6.750000000000000444e-02 1.250000000000000000e-01 5.000000000000000000e-01 3.074999999999999956e-01
3.108333333333333504e-01 1.983333333333333337e-01 2.725000000000000200e-01 2.183333333333333237e-01
3.024999999999999911e-01 1.891666666666666774e-01 4.083333333333333259e-02 4.675000000000000266e-01
3.716666666666666452e-01 3.150000000000000022e-01 1.650000000000000078e-01 1.483333333333333448e-01
1.633333333333333304e-01 7.433333333333332904e-01 6.333333333333333870e-02 2.999999999999999889e-02
1.633333333333333304e-01 3.900000000000000133e-01 1.958333333333333315e-01 2.508333333333333526e-01
7.583333333333333592e-02 1.266666666666666774e-01 4.600000000000000200e-01 3.375000000000000222e-01
2.641666666666666607e-01 1.950000000000000067e-01 2.874999999999999778e-01 2.533333333333333548e-01
1.208333333333333343e-01 3.008333333333333415e-01 2.291666666666666574e-01 3.491666666666666807e-01
