4.833333333333333232e-02 1.083333333333333370e-01 2.633333333333333082e-01 5.799999999999999600e-01
6.999999999999999556e-01 7.083333333333333148e-02 1.250000000000000000e-01 1.041666666666666713e-01
1.908333333333333270e-01 1.275000000000000022e-01 6.041666666666666297e-01 7.749999999999999944e-02
5.083333333333333454e-02 9.916666666666666685e-02 7.291666666666666297e-01 1.208333333333333343e-01
2.508333333333333526e-01 1.849999999999999978e-01 3.033333333333333437e-01 2.608333333333333059e-01
2.908333333333333326e-01 1.700000000000000122e-01 4.616666666666666696e-01 7.749999999999999944e-02
2.558333333333333570e-01 4.816666666666666874e-01 2.000000000000000042e-02 2.424999999999999933e-01
9.083333333333333537e-02 3.083333333333333412e-02 2.650000000000000133e-01 6.133333333333332860e-01
2.016666666666666607e-01 4.941666666666666430e-01 1.283333333333333270e-01 1.758333333333333415e-01
5.016666666666667052e-01 1.074999999999999983e-01 2.300000000000000100e-01 1.608333333333333282e-01
2.033333333333333381e-01 3.083333333333333481e-01 1.883333333333333248e-01 2.999999999999999889e-01
3.183333333333333570e-01 1.716666666666666619e-01 9.583333333333333981e-02 4.141666666666666829e-01
1.499999999999999944e-01 1.341666666666666563e-01 3.591666666666666896e-01 3.566666666666666874e-01
3.466666666666666785e-01 1.925000000000000044e-01 5.083333333333333454e-02 4.099999999999999756e-01
1.733333333333333393e-01 3.291666666666666630e-01 2.316666666666666596e-01 2.658333333333333104e-01
1.816666666666666707e-01 3.074999999999999956e-01 4.916666666666666408e-02 4.616666666666666696e-01
2.033333333333333381e-01 1.083333333333333370e-01 1.650000000000000078e-01 5.233333333333333171e-01
1.141666666666666663e-01 1.000000000000000056e-01 1.533333333333333215e-01 6.324999999999999512e-01
8.000000000000000167e-02 6.383333333333333082e-01 1.650000000000000078e-01 1.166666666666666685e-01
2.258333333333333304e-01 2.924999999999999822e-01 1.174999999999999933e-01 3.641666666666666941e-01
4.600000000000000200e-01 1.074999999999999983e-01 3.499999999999999778e-01 8.250000000000000389e-02
1.458333333333333426e-01 3.333333333333333148e-01 4.558333333333333126e-01 6.500000000000000222e-02
