3.225000000000000089e-01 4.824999999999999845e-01 1.741666666666666641e-01 2.083333333333333218e-02
4.308333333333333459e-01 1.958333333333333315e-01 5.000000000000000104e-03 3.683333333333333459e-01
2.958333333333333370e-01 2.000000000000000042e-02 4.666666666666666741e-01 2.174999999999999989e-01
2.250000000000000056e-01 2.141666666666666718e-01 2.474999999999999978e-01 3.133333333333333526e-01
1.883333333333333248e-01 3.341666666666666674e-01 3.983333333333333171e-01 7.916666666666666297e-02
2.833333333333333190e-02 6.975000000000000089e-01 7.499999999999999722e-03 2.666666666666666630e-01
8.041666666666666963e-01 1.750000000000000167e-02 3.833333333333333037e-02 1.400000000000000133e-01
2.508333333333333526e-01 2.816666666666666763e-01 8.416666666666666741e-02 3.833333333333333592e-01
1.000000000000000021e-02 2.916666666666666852e-01 4.458333333333333592e-01 2.525000000000000022e-01
1.499999999999999944e-01 4.141666666666666829e-01 2.575000000000000067e-01 1.783333333333333437e-01
5.108333333333333615e-01 8.666666666666666963e-02 1.549999999999999989e-01 2.474999999999999978e-01
7.166666666666667018e-02 3.900000000000000133e-01 4.583333333333333148e-01 8.000000000000000167e-02
5.999999999999999778e-02 1.683333333333333348e-01 3.708333333333333481e-01 4.008333333333333193e-01
5.925000000000000266e-01 1.749999999999999889e-01 1.383333333333333359e-01 9.416666666666666241e-02
5.474999999999999867e-01 3.416666666666666463e-02 1.074999999999999983e-01 3.108333333333333504e-01
1.433333333333333404e-01 5.891666666666666163e-01 1.700000000000000122e-01 9.750000000000000333e-02
