3.558333333333333348e-01 2.008333333333333359e-01 4.041666666666666741e-01 3.916666666666666907e-02
4.366666666666666474e-01 2.374999999999999889e-01 2.149999999999999967e-01 1.108333333333333393e-01
2.166666666666666741e-01 1.499999999999999944e-02 3.250000000000000111e-01 4.433333333333333570e-01
1.608333333333333282e-01 1.799999999999999933e-01 3.558333333333333348e-01 3.033333333333333437e-01
4.283333333333333437e-01 2.174999999999999989e-01 3.125000000000000000e-01 4.166666666666666435e-02
1.666666666666666644e-02 2.300000000000000100e-01 6.166666666666666824e-02 6.916666666666666519e-01
1.849999999999999978e-01 5.483333333333333393e-01 1.300000000000000044e-01 1.366666666666666585e-01
3.500000000000000333e-02 1.816666666666666707e-01 5.024999999999999467e-01 2.808333333333333237e-01
4.575000000000000178e-01 1.008333333333333304e-01 3.641666666666666941e-01 7.749999999999999944e-02
2.291666666666666574e-01 1.316666666666666541e-01 6.274999999999999467e-01 1.166666666666666720e-02
1.416666666666666630e-01 2.325000000000000122e-01 1.983333333333333337e-01 4.274999999999999911e-01
5.008333333333333526e-01 8.166666666666666519e-02 6.500000000000000222e-02 3.524999999999999800e-01
4.008333333333333193e-01 1.758333333333333415e-01 1.508333333333333470e-01 2.725000000000000200e-01
6.008333333333333304e-01 1.491666666666666696e-01 1.074999999999999983e-01 1.424999999999999878e-01
1.808333333333333459e-01 2.074999999999999900e-01 4.958333333333333481e-01 1.158333333333333298e-01
6.666666666666666574e-02 1.900000000000000022e-01 1.000000000000000021e-02 7.333333333333332815e-01
1.258333333333333248e-01 1.608333333333333282e-01 4.774999999999999800e-01 2.358333333333333393e-01
2.250000000000000056e-01 3.008333333333333415e-01 2.666666666666666630e-01 2.074999999999999900e-01
9.416666666666666241e-02 4.791666666666666852e-01 2.791666666666666741e-01 1.474999999999999922e-01
3.141666666666666496e-01 1.774999999999999911e-01 3.766666666666666496e-01 1.316666666666666541e-01
2.999999999999999889e-02 3.416666666666666741e-01 2.091666666666666674e-01 4.191666666666666874e-01
2.458333333333333204e-01 6.033333333333333881e-01 6.250000000000000000e-02 8.833333333333333315e-02
