6.408333333333333659e-01 1.566666666666666763e-01 1.449999999999999900e-01 5.750000000000000250e-02
1.375000000000000111e-01 2.758333333333333193e-01 3.258333333333333082e-01 2.608333333333333059e-01
2.249999999999999917e-02 5.141666666666666607e-01 9.583333333333333981e-02 3.674999999999999933e-01
6.250000000000000000e-02 4.250000000000000305e-02 4.375000000000000000e-01 4.575000000000000178e-01
3.750000000000000000e-01 2.874999999999999778e-01 1.508333333333333470e-01 1.866666666666666752e-01
2.983333333333333393e-01 1.441666666666666652e-01 2.500000000000000000e-01 3.074999999999999956e-01
1.441666666666666652e-01 3.708333333333333481e-01 2.000000000000000111e-01 2.849999999999999756e-01
2.974999999999999867e-01 3.225000000000000089e-01 1.408333333333333381e-01 2.391666666666666663e-01
1.116666666666666641e-01 9.750000000000000333e-02 3.649999999999999911e-01 4.258333333333333415e-01
2.883333333333333304e-01 5.708333333333333037e-01 2.000000000000000042e-02 1.208333333333333343e-01
1.174999999999999933e-01 3.091666666666666452e-01 4.466666666666666563e-01 1.266666666666666774e-01
8.000000000000000167e-02 1.049999999999999961e-01 5.666666666666666519e-01 2.483333333333333226e-01
6.166666666666666824e-02 2.325000000000000122e-01 3.266666666666666607e-01 3.791666666666666519e-01
3.275000000000000133e-01 4.991666666666666474e-01 7.000000000000000666e-02 1.033333333333333326e-01
3.449999999999999734e-01 1.741666666666666641e-01 3.241666666666666585e-01 1.566666666666666763e-01
2.758333333333333193e-01 2.558333333333333570e-01 2.766666666666666718e-01 1.916666666666666796e-01
5.999999999999999778e-02 5.866666666666666696e-01 1.958333333333333315e-01 1.575000000000000011e-01
1.041666666666666713e-01 2.883333333333333304e-01 3.508333333333333304e-01 2.566666666666666541e-01
1.516666666666666718e-01 6.333333333333333870e-02 6.708333333333332815e-01 1.141666666666666663e-01
3.633333333333333415e-01 9.166666666666666019e-02 7.416666666666667240e-02 4.708333333333333259e-01
8.999999999999999667e-02 3.916666666666666907e-02 1.350000000000000089e-01 7.358333333333333393e-01
1.316666666666666541e-01 4.008333333333333193e-01 4.058333333333333237e-01 6.166666666666666824e-02
1.741666666666666641e-01 1.191666666666666707e-01 1.891666666666666774e-01 5.174999999999999600e-01
