4.558333333333333126e-01 1.499999999999999944e-02 2.058333333333333404e-01 3.233333333333333059e-01
3.958333333333333148e-01 0.000000000000000000e+00 3.733333333333333504e-01 2.308333333333333348e-01
2.333333333333333440e-02 7.508333333333333526e-01 7.249999999999999500e-02 1.533333333333333215e-01
2.358333333333333393e-01 4.600000000000000200e-01 1.824999999999999956e-01 1.216666666666666730e-01
3.333333333333333287e-02 2.550000000000000044e-01 2.316666666666666596e-01 4.799999999999999822e-01
6.774999999999999911e-01 1.283333333333333270e-01 1.283333333333333270e-01 6.583333333333332704e-02
3.099999999999999978e-01 1.916666666666666519e-02 5.108333333333333615e-01 1.600000000000000033e-01
1.858333333333333226e-01 1.241666666666666613e-01 5.516666666666666385e-01 1.383333333333333359e-01
3.300000000000000155e-01 1.108333333333333393e-01 3.991666666666666696e-01 1.600000000000000033e-01
4.224999999999999867e-01 3.825000000000000067e-01 6.166666666666666824e-02 1.333333333333333315e-01
1.241666666666666613e-01 3.674999999999999933e-01 2.874999999999999778e-01 2.208333333333333259e-01
6.441666666666666652e-01 1.783333333333333437e-01 2.166666666666666741e-02 1.558333333333333237e-01
4.516666666666666607e-01 1.008333333333333304e-01 3.941666666666666652e-01 5.333333333333333676e-02
2.750000000000000014e-02 1.224999999999999978e-01 3.058333333333333459e-01 5.441666666666666874e-01
1.266666666666666774e-01 4.141666666666666829e-01 4.508333333333333082e-01 8.333333333333333218e-03
9.583333333333333981e-02 4.566666666666666652e-01 2.166666666666666741e-01 2.308333333333333348e-01
1.549999999999999989e-01 5.124999999999999556e-01 9.166666666666666019e-02 2.408333333333333437e-01
1.241666666666666613e-01 2.874999999999999778e-01 4.074999999999999734e-01 1.808333333333333459e-01
1.991666666666666585e-01 1.283333333333333270e-01 4.025000000000000244e-01 2.700000000000000178e-01
