6.250000000000000000e-02 2.383333333333333415e-01 1.941666666666666541e-01 5.050000000000000044e-01
6.333333333333333870e-02 3.016666666666666941e-01 5.749999999999999556e-01 5.999999999999999778e-02
6.383333333333333082e-01 1.241666666666666613e-01 4.000000000000000083e-02 1.975000000000000089e-01
1.841666666666666730e-01 5.849999999999999645e-01 1.224999999999999978e-01 1.083333333333333370e-01
3.549999999999999822e-01 5.141666666666666607e-01 6.333333333333333870e-02 6.750000000000000444e-02
1.058333333333333348e-01 2.858333333333333282e-01 2.983333333333333393e-01 3.099999999999999978e-01
1.600000000000000033e-01 6.266666666666667052e-01 5.000000000000000278e-02 1.633333333333333304e-01
1.066666666666666735e-01 4.425000000000000044e-01 3.125000000000000000e-01 1.383333333333333359e-01
2.124999999999999944e-01 2.666666666666666630e-01 2.441666666666666707e-01 2.766666666666666718e-01
3.674999999999999933e-01 3.883333333333333082e-01 2.083333333333333218e-02 2.233333333333333282e-01
1.833333333333333204e-01 4.541666666666666630e-01 9.416666666666666241e-02 2.683333333333333126e-01
2.658333333333333104e-01 5.516666666666666385e-01 5.166666666666666630e-02 1.308333333333333293e-01
1.358333333333333337e-01 2.216666666666666785e-01 2.616666666666666585e-01 3.808333333333333570e-01
9.666666666666666463e-02 1.708333333333333370e-01 5.474999999999999867e-01 1.849999999999999978e-01
9.416666666666666241e-02 3.724999999999999978e-01 5.333333333333333676e-02 4.799999999999999822e-01
1.116666666666666641e-01 1.658333333333333326e-01 5.308333333333333792e-01 1.916666666666666796e-01
1.358333333333333337e-01 3.133333333333333526e-01 6.833333333333332926e-02 4.824999999999999845e-01
3.500000000000000333e-02 1.216666666666666730e-01 2.258333333333333304e-01 6.175000000000000488e-01
1.516666666666666718e-01 9.833333333333332815e-02 3.574999999999999845e-01 3.925000000000000155e-01
3.975000000000000200e-01 1.308333333333333293e-01 3.850000000000000089e-01 8.666666666666666963e-02
2.099999999999999922e-01 1.933333333333333293e-01 5.916666666666666602e-02 5.374999999999999778e-01
