1.424999999999999878e-01 2.300000000000000100e-01 7.499999999999999722e-02 5.524999999999999911e-01
1.233333333333333365e-01 1.325000000000000067e-01 3.350000000000000200e-01 4.091666666666666785e-01
2.099999999999999922e-01 2.800000000000000266e-01 2.008333333333333359e-01 3.091666666666666452e-01
2.974999999999999867e-01 5.166666666666666630e-02 3.741666666666666474e-01 2.766666666666666718e-01
2.783333333333333215e-01 4.000000000000000083e-02 2.491666666666666752e-01 4.324999999999999956e-01
2.924999999999999822e-01 9.416666666666666241e-02 5.958333333333333259e-01 1.750000000000000167e-02
1.166666666666666720e-02 2.191666666666666763e-01 1.116666666666666641e-01 6.574999999999999734e-01
5.999999999999999778e-02 2.225000000000000033e-01 1.524999999999999967e-01 5.649999999999999467e-01
3.933333333333333126e-01 1.458333333333333426e-01 3.133333333333333526e-01 1.474999999999999922e-01
1.558333333333333237e-01 5.841666666666666119e-01 6.583333333333332704e-02 1.941666666666666541e-01
9.666666666666666463e-02 1.366666666666666585e-01 1.275000000000000022e-01 6.391666666666666607e-01
4.750000000000000056e-02 4.191666666666666874e-01 4.249999999999999889e-01 1.083333333333333370e-01
6.166666666666666824e-02 2.466666666666666730e-01 6.350000000000000089e-01 5.666666666666666380e-02
6.025000000000000355e-01 7.833333333333333814e-02 1.716666666666666619e-01 1.474999999999999922e-01
2.550000000000000044e-01 2.408333333333333437e-01 1.208333333333333343e-01 3.833333333333333592e-01
3.216666666666666563e-01 4.249999999999999889e-01 1.150000000000000050e-01 1.383333333333333359e-01
