3.375000000000000222e-01 1.416666666666666595e-02 4.283333333333333437e-01 2.200000000000000011e-01
6.058333333333333348e-01 9.666666666666666463e-02 2.058333333333333404e-01 9.166666666666666019e-02
1.750000000000000167e-02 7.808333333333333792e-01 1.041666666666666713e-01 9.750000000000000333e-02
2.500000000000000139e-02 4.108333333333333282e-01 2.766666666666666718e-01 2.874999999999999778e-01
3.183333333333333570e-01 2.074999999999999900e-01 4.241666666666666918e-01 5.000000000000000278e-02
1.416666666666666630e-01 5.249999999999999806e-02 4.191666666666666874e-01 3.866666666666666585e-01
2.008333333333333359e-01 3.033333333333333437e-01 2.216666666666666785e-01 2.741666666666666696e-01
3.983333333333333171e-01 1.358333333333333337e-01 4.191666666666666874e-01 4.666666666666666879e-02
6.416666666666666352e-02 1.400000000000000133e-01 3.549999999999999822e-01 4.408333333333333548e-01
1.950000000000000067e-01 5.999999999999999778e-02 5.391666666666666829e-01 2.058333333333333404e-01
2.883333333333333304e-01 1.049999999999999961e-01 4.083333333333333259e-02 5.658333333333332993e-01
4.533333333333333104e-01 2.266666666666666552e-01 2.258333333333333304e-01 9.416666666666666241e-02
5.000000000000000278e-02 2.816666666666666763e-01 1.183333333333333320e-01 5.500000000000000444e-01
4.308333333333333459e-01 1.491666666666666696e-01 2.908333333333333326e-01 1.291666666666666796e-01
2.550000000000000044e-01 1.158333333333333298e-01 2.025000000000000133e-01 4.266666666666666941e-01
2.999999999999999889e-02 7.833333333333333814e-02 6.016666666666666829e-01 2.899999999999999800e-01
5.775000000000000133e-01 6.250000000000000000e-02 1.250000000000000069e-02 3.474999999999999756e-01
2.333333333333333370e-01 3.991666666666666696e-01 2.216666666666666785e-01 1.458333333333333426e-01
1.183333333333333320e-01 2.550000000000000044e-01 2.666666666666666630e-01 3.599999999999999867e-01
