7.208333333333333259e-01 1.000000000000000056e-01 1.233333333333333365e-01 5.583333333333333204e-02
1.958333333333333315e-01 2.775000000000000244e-01 2.174999999999999989e-01 3.091666666666666452e-01
5.750000000000000250e-02 1.483333333333333448e-01 2.225000000000000033e-01 5.716666666666666563e-01
1.683333333333333348e-01 1.125000000000000028e-01 5.841666666666666119e-01 1.350000000000000089e-01
1.675000000000000100e-01 1.758333333333333415e-01 4.016666666666666718e-01 2.550000000000000044e-01
4.499999999999999833e-02 3.216666666666666563e-01 1.208333333333333343e-01 5.124999999999999556e-01
6.833333333333332926e-02 3.350000000000000200e-01 4.416666666666666519e-01 1.549999999999999989e-01
2.775000000000000244e-01 2.099999999999999922e-01 2.441666666666666707e-01 2.683333333333333126e-01
1.625000000000000056e-01 2.116666666666666696e-01 3.783333333333333548e-01 2.474999999999999978e-01
2.908333333333333326e-01 4.625000000000000222e-01 1.733333333333333393e-01 7.333333333333333370e-02
3.858333333333333059e-01 2.766666666666666718e-01 2.608333333333333059e-01 7.666666666666666075e-02
7.916666666666666297e-02 1.866666666666666752e-01 5.066666666666667096e-01 2.275000000000000078e-01
1.133333333333333276e-01 9.750000000000000333e-02 4.208333333333333370e-01 3.683333333333333459e-01
3.416666666666666741e-01 4.899999999999999911e-01 7.499999999999999722e-02 9.333333333333333759e-02
4.583333333333333010e-02 7.425000000000000488e-01 4.083333333333333259e-02 1.708333333333333370e-01
4.625000000000000222e-01 2.849999999999999756e-01 2.000000000000000111e-01 5.249999999999999806e-02
3.775000000000000022e-01 3.716666666666666452e-01 2.124999999999999944e-01 3.833333333333333037e-02
5.333333333333333676e-02 1.866666666666666752e-01 5.024999999999999467e-01 2.575000000000000067e-01
3.683333333333333459e-01 1.325000000000000067e-01 1.341666666666666563e-01 3.649999999999999911e-01
1.125000000000000028e-01 3.825000000000000067e-01 1.808333333333333459e-01 3.241666666666666585e-01
6.333333333333333870e-02 4.750000000000000056e-02 7.666666666666667185e-01 1.224999999999999978e-01
2.725000000000000200e-01 1.633333333333333304e-01 3.125000000000000000e-01 2.516666666666666496e-01
4.491666666666666585e-01 1.291666666666666796e-01 1.083333333333333370e-02 4.108333333333333282e-01
