3.008333333333333415e-01 5.416666666666666852e-02 4.924999999999999933e-01 1.524999999999999967e-01
1.341666666666666563e-01 2.016666666666666607e-01 7.499999999999999722e-02 5.891666666666666163e-01
5.083333333333333454e-02 2.383333333333333415e-01 5.166666666666666630e-02 6.591666666666666785e-01
2.966666666666666896e-01 1.049999999999999961e-01 2.675000000000000155e-01 3.308333333333333126e-01
2.983333333333333393e-01 2.816666666666666763e-01 3.649999999999999911e-01 5.500000000000000028e-02
4.899999999999999911e-01 1.100000000000000006e-01 2.999999999999999889e-02 3.699999999999999956e-01
3.741666666666666474e-01 3.708333333333333481e-01 1.908333333333333270e-01 6.416666666666666352e-02
2.775000000000000244e-01 5.999999999999999778e-02 7.249999999999999500e-02 5.899999999999999689e-01
2.016666666666666607e-01 5.350000000000000311e-01 9.916666666666666685e-02 1.641666666666666552e-01
2.266666666666666552e-01 5.266666666666666163e-01 1.383333333333333359e-01 1.083333333333333370e-01
2.191666666666666763e-01 8.000000000000000167e-02 2.999999999999999889e-02 6.708333333333332815e-01
8.500000000000000611e-02 6.099999999999999867e-01 6.583333333333332704e-02 2.391666666666666663e-01
1.291666666666666796e-01 7.541666666666666519e-01 7.583333333333333592e-02 4.083333333333333259e-02
4.333333333333333481e-02 3.750000000000000000e-01 4.483333333333333059e-01 1.333333333333333315e-01
