3.783333333333333548e-01 1.658333333333333326e-01 4.500000000000000111e-01 5.833333333333333599e-03
8.583333333333333093e-02 1.975000000000000089e-01 4.383333333333333526e-01 2.783333333333333215e-01
2.458333333333333204e-01 2.974999999999999867e-01 1.100000000000000006e-01 3.466666666666666785e-01
4.841666666666666896e-01 2.225000000000000033e-01 1.250000000000000000e-01 1.683333333333333348e-01
7.499999999999999722e-02 2.124999999999999944e-01 3.291666666666666630e-01 3.833333333333333592e-01
2.258333333333333304e-01 3.758333333333333526e-01 2.666666666666666630e-01 1.316666666666666541e-01
2.733333333333333171e-01 1.875000000000000000e-01 3.049999999999999933e-01 2.341666666666666619e-01
4.625000000000000222e-01 3.116666666666666474e-01 1.166666666666666720e-02 2.141666666666666718e-01
9.249999999999999889e-02 4.308333333333333459e-01 2.791666666666666741e-01 1.975000000000000089e-01
3.666666666666666408e-01 6.333333333333333870e-02 2.625000000000000111e-01 3.074999999999999956e-01
3.016666666666666941e-01 2.625000000000000111e-01 2.483333333333333226e-01 1.875000000000000000e-01
2.416666666666666685e-01 5.016666666666667052e-01 1.408333333333333381e-01 1.158333333333333298e-01
1.433333333333333404e-01 4.083333333333333259e-02 7.774999999999999689e-01 3.833333333333333037e-02
2.633333333333333082e-01 3.266666666666666607e-01 2.808333333333333237e-01 1.291666666666666796e-01
1.116666666666666641e-01 4.000000000000000083e-02 1.491666666666666696e-01 6.991666666666667140e-01
7.166666666666667018e-02 7.749999999999999944e-02 2.508333333333333526e-01 5.999999999999999778e-01
1.849999999999999978e-01 5.516666666666666385e-01 2.183333333333333237e-01 4.499999999999999833e-02
5.483333333333333393e-01 5.249999999999999806e-02 1.000000000000000056e-01 2.991666666666666918e-01
1.808333333333333459e-01 5.524999999999999911e-01 1.966666666666666563e-01 7.000000000000000666e-02
4.166666666666666609e-03 2.841666666666666785e-01 6.558333333333333792e-01 5.583333333333333204e-02
8.999999999999999667e-02 6.091666666666666341e-01 1.991666666666666585e-01 1.016666666666666691e-01
