1.925000000000000044e-01 4.533333333333333104e-01 3.208333333333333592e-01 3.333333333333333287e-02
3.649999999999999911e-01 1.041666666666666713e-01 4.749999999999999778e-01 5.583333333333333204e-02
5.833333333333333599e-03 2.908333333333333326e-01 8.666666666666666963e-02 6.166666666666666963e-01
1.408333333333333381e-01 2.474999999999999978e-01 2.999999999999999889e-02 5.816666666666666652e-01
2.908333333333333326e-01 7.749999999999999944e-02 1.083333333333333370e-01 5.233333333333333171e-01
4.083333333333333259e-02 1.616666666666666530e-01 3.200000000000000067e-01 4.774999999999999800e-01
2.658333333333333104e-01 3.624999999999999889e-01 3.066666666666666430e-01 6.500000000000000222e-02
3.491666666666666807e-01 2.366666666666666641e-01 2.049999999999999878e-01 2.091666666666666674e-01
3.483333333333333282e-01 5.083333333333333454e-02 2.174999999999999989e-01 3.833333333333333592e-01
2.300000000000000100e-01 2.741666666666666696e-01 2.849999999999999756e-01 2.108333333333333448e-01
3.574999999999999845e-01 3.533333333333333326e-01 2.258333333333333304e-01 6.333333333333333870e-02
2.016666666666666607e-01 1.208333333333333343e-01 4.099999999999999756e-01 2.675000000000000155e-01
5.916666666666666602e-02 1.533333333333333215e-01 5.524999999999999911e-01 2.349999999999999867e-01
4.400000000000000022e-01 1.724999999999999867e-01 9.166666666666666713e-03 3.783333333333333548e-01
2.025000000000000133e-01 4.749999999999999778e-01 3.200000000000000067e-01 2.500000000000000052e-03
2.491666666666666752e-01 3.749999999999999861e-02 4.691666666666666763e-01 2.441666666666666707e-01
3.416666666666666463e-02 2.500000000000000000e-01 4.083333333333333259e-01 3.074999999999999956e-01
1.116666666666666641e-01 4.199999999999999845e-01 2.266666666666666552e-01 2.416666666666666685e-01
1.583333333333333259e-01 4.891666666666666941e-01 3.308333333333333126e-01 2.166666666666666741e-02
4.091666666666666785e-01 3.333333333333333287e-02 1.666666666666666644e-02 5.408333333333333881e-01
4.416666666666666657e-02 4.358333333333333504e-01 3.783333333333333548e-01 1.416666666666666630e-01
6.025000000000000355e-01 1.291666666666666796e-01 3.583333333333333509e-02 2.325000000000000122e-01
