1.150000000000000050e-01 1.883333333333333248e-01 5.508333333333332860e-01 1.458333333333333426e-01
3.383333333333333193e-01 1.300000000000000044e-01 2.025000000000000133e-01 3.291666666666666630e-01
1.741666666666666641e-01 5.000000000000000278e-02 5.341666666666666785e-01 2.416666666666666685e-01
2.474999999999999978e-01 3.066666666666666430e-01 3.116666666666666474e-01 1.341666666666666563e-01
1.700000000000000122e-01 8.333333333333332871e-02 7.299999999999999822e-01 1.666666666666666644e-02
7.416666666666667240e-02 4.941666666666666430e-01 3.308333333333333126e-01 1.008333333333333304e-01
5.833333333333333703e-01 4.499999999999999833e-02 7.499999999999999722e-02 2.966666666666666896e-01
1.499999999999999944e-02 6.650000000000000355e-01 1.008333333333333304e-01 2.191666666666666763e-01
2.358333333333333393e-01 3.441666666666666763e-01 1.191666666666666707e-01 3.008333333333333415e-01
5.416666666666666852e-02 4.933333333333333459e-01 3.008333333333333415e-01 1.516666666666666718e-01
3.891666666666666607e-01 4.750000000000000056e-02 1.600000000000000033e-01 4.033333333333333215e-01
7.583333333333333592e-02 3.383333333333333193e-01 7.333333333333333370e-02 5.124999999999999556e-01
2.525000000000000022e-01 4.191666666666666874e-01 3.233333333333333059e-01 5.000000000000000104e-03
1.616666666666666530e-01 1.608333333333333282e-01 3.041666666666666408e-01 3.733333333333333504e-01
4.475000000000000089e-01 2.300000000000000100e-01 3.116666666666666474e-01 1.083333333333333370e-02
2.858333333333333282e-01 4.366666666666666474e-01 1.049999999999999961e-01 1.724999999999999867e-01
1.041666666666666713e-01 1.508333333333333470e-01 2.266666666666666552e-01 5.183333333333333126e-01
3.666666666666666685e-02 1.183333333333333320e-01 5.274999999999999689e-01 3.175000000000000044e-01
5.999999999999999778e-02 4.916666666666666408e-02 5.208333333333333703e-01 3.699999999999999956e-01
1.766666666666666663e-01 2.750000000000000222e-01 1.741666666666666641e-01 3.741666666666666474e-01
