3.016666666666666941e-01 5.166666666666666630e-02 1.524999999999999967e-01 4.941666666666666430e-01
1.841666666666666730e-01 1.633333333333333304e-01 1.458333333333333426e-01 5.066666666666667096e-01
9.083333333333333537e-02 6.500000000000000222e-02 3.341666666666666674e-01 5.100000000000000089e-01
2.233333333333333282e-01 3.191666666666666541e-01 2.074999999999999900e-01 2.500000000000000000e-01
2.974999999999999867e-01 2.358333333333333393e-01 4.025000000000000244e-01 6.416666666666666352e-02
2.083333333333333426e-01 1.058333333333333348e-01 5.208333333333333703e-01 1.650000000000000078e-01
1.958333333333333315e-01 4.600000000000000200e-01 2.508333333333333526e-01 9.333333333333333759e-02
1.849999999999999978e-01 1.824999999999999956e-01 8.166666666666666519e-02 5.508333333333332860e-01
5.500000000000000028e-02 5.833333333333333426e-02 2.758333333333333193e-01 6.108333333333333393e-01
1.275000000000000022e-01 5.941666666666666208e-01 4.416666666666666657e-02 2.341666666666666619e-01
4.899999999999999911e-01 4.916666666666666408e-02 1.449999999999999900e-01 3.158333333333333548e-01
1.633333333333333304e-01 2.899999999999999800e-01 4.483333333333333059e-01 9.833333333333332815e-02
2.208333333333333259e-01 2.941666666666666874e-01 3.599999999999999867e-01 1.250000000000000000e-01
4.658333333333333215e-01 2.966666666666666896e-01 1.024999999999999939e-01 1.350000000000000089e-01
1.125000000000000028e-01 6.424999999999999600e-01 2.391666666666666663e-01 5.833333333333333599e-03
7.166666666666667018e-02 6.891666666666667052e-01 6.500000000000000222e-02 1.741666666666666641e-01
1.216666666666666730e-01 2.633333333333333082e-01 3.566666666666666874e-01 2.583333333333333592e-01
6.333333333333333870e-02 7.583333333333333592e-02 2.983333333333333393e-01 5.625000000000000000e-01
2.349999999999999867e-01 4.708333333333333259e-01 2.741666666666666696e-01 2.000000000000000042e-02
1.441666666666666652e-01 5.708333333333333037e-01 4.166666666666666435e-02 2.433333333333333459e-01
