1.016666666666666691e-01 1.449999999999999900e-01 9.416666666666666241e-02 6.591666666666666785e-01
5.574999999999999956e-01 3.916666666666666907e-02 2.275000000000000078e-01 1.758333333333333415e-01
4.833333333333333232e-02 9.500000000000000111e-02 4.933333333333333459e-01 3.633333333333333415e-01
1.049999999999999961e-01 1.499999999999999944e-02 3.458333333333333259e-01 5.341666666666666785e-01
1.024999999999999939e-01 8.833333333333333315e-02 3.883333333333333082e-01 4.208333333333333370e-01
3.166666666666666935e-02 4.833333333333333370e-01 1.408333333333333381e-01 3.441666666666666763e-01
1.400000000000000133e-01 3.833333333333333592e-01 2.991666666666666918e-01 1.774999999999999911e-01
3.391666666666666718e-01 1.700000000000000122e-01 1.316666666666666541e-01 3.591666666666666896e-01
1.100000000000000006e-01 1.991666666666666585e-01 4.958333333333333481e-01 1.950000000000000067e-01
1.008333333333333304e-01 4.375000000000000000e-01 2.366666666666666641e-01 2.250000000000000056e-01
3.925000000000000155e-01 3.716666666666666452e-01 1.449999999999999900e-01 9.083333333333333537e-02
4.274999999999999911e-01 3.358333333333333171e-01 5.500000000000000028e-02 1.816666666666666707e-01
2.025000000000000133e-01 5.274999999999999689e-01 1.966666666666666563e-01 7.333333333333333370e-02
2.250000000000000056e-01 9.083333333333333537e-02 6.666666666666666297e-01 1.750000000000000167e-02
2.958333333333333370e-01 2.800000000000000266e-01 2.974999999999999867e-01 1.266666666666666774e-01
2.474999999999999978e-01 1.583333333333333259e-01 2.258333333333333304e-01 3.683333333333333459e-01
2.625000000000000111e-01 1.391666666666666607e-01 1.275000000000000022e-01 4.708333333333333259e-01
5.500000000000000028e-02 5.608333333333332948e-01 3.250000000000000111e-02 3.516666666666666829e-01
1.533333333333333215e-01 5.266666666666666163e-01 1.700000000000000122e-01 1.499999999999999944e-01
2.516666666666666496e-01 4.583333333333333010e-02 6.208333333333333481e-01 8.166666666666666519e-02
