7.166666666666667018e-02 5.749999999999999556e-01 2.083333333333333218e-02 3.325000000000000178e-01
5.016666666666667052e-01 2.241666666666666530e-01 2.025000000000000133e-01 7.166666666666667018e-02
2.083333333333333426e-01 8.583333333333333093e-02 1.933333333333333293e-01 5.124999999999999556e-01
1.250000000000000069e-02 5.041666666666666519e-01 4.233333333333333393e-01 5.999999999999999778e-02
1.024999999999999939e-01 3.233333333333333059e-01 2.174999999999999989e-01 3.566666666666666874e-01
2.641666666666666607e-01 2.074999999999999900e-01 3.225000000000000089e-01 2.058333333333333404e-01
1.524999999999999967e-01 2.283333333333333326e-01 2.449999999999999956e-01 3.741666666666666474e-01
1.991666666666666585e-01 3.691666666666666430e-01 2.658333333333333104e-01 1.658333333333333326e-01
2.741666666666666696e-01 1.049999999999999961e-01 2.941666666666666874e-01 3.266666666666666607e-01
2.116666666666666696e-01 4.033333333333333215e-01 1.183333333333333320e-01 2.666666666666666630e-01
3.850000000000000089e-01 1.799999999999999933e-01 2.033333333333333381e-01 2.316666666666666596e-01
2.441666666666666707e-01 2.691666666666666652e-01 3.383333333333333193e-01 1.483333333333333448e-01
5.516666666666666385e-01 2.308333333333333348e-01 5.916666666666666602e-02 1.583333333333333259e-01
3.233333333333333059e-01 2.616666666666666585e-01 3.341666666666666674e-01 8.083333333333332649e-02
5.833333333333333426e-02 1.250000000000000000e-01 5.825000000000000178e-01 2.341666666666666619e-01
2.291666666666666574e-01 4.416666666666666519e-01 1.266666666666666774e-01 2.025000000000000133e-01
1.024999999999999939e-01 6.049999999999999822e-01 1.833333333333333343e-02 2.741666666666666696e-01
5.233333333333333171e-01 1.925000000000000044e-01 1.608333333333333282e-01 1.233333333333333365e-01
6.941666666666667096e-01 9.750000000000000333e-02 1.074999999999999983e-01 1.008333333333333304e-01
2.041666666666666630e-01 9.916666666666666685e-02 8.666666666666666963e-02 6.099999999999999867e-01
3.133333333333333526e-01 1.275000000000000022e-01 1.049999999999999961e-01 4.541666666666666630e-01
7.499999999999999722e-03 8.183333333333333570e-01 1.258333333333333248e-01 4.833333333333333232e-02
3.850000000000000089e-01 4.608333333333333171e-01 3.916666666666666907e-02 1.150000000000000050e-01
