5.833333333333333426e-02 5.324999999999999734e-01 2.999999999999999889e-01 1.091666666666666619e-01
8.166666666666666519e-02 4.033333333333333215e-01 2.841666666666666785e-01 2.308333333333333348e-01
3.775000000000000022e-01 2.500000000000000000e-01 2.583333333333333592e-01 1.141666666666666663e-01
4.308333333333333459e-01 1.733333333333333393e-01 3.041666666666666408e-01 9.166666666666666019e-02
2.141666666666666718e-01 4.758333333333333304e-01 5.916666666666666602e-02 2.508333333333333526e-01
8.500000000000000611e-02 1.666666666666666774e-03 3.133333333333333526e-01 5.999999999999999778e-01
2.791666666666666741e-01 1.866666666666666752e-01 1.658333333333333326e-01 3.683333333333333459e-01
1.116666666666666641e-01 6.666666666666667095e-03 8.016666666666666385e-01 8.000000000000000167e-02
5.000000000000000104e-03 8.000000000000000167e-02 1.375000000000000111e-01 7.774999999999999689e-01
4.324999999999999956e-01 5.500000000000000028e-02 2.908333333333333326e-01 2.216666666666666785e-01
8.000000000000000167e-02 3.483333333333333282e-01 4.675000000000000266e-01 1.041666666666666713e-01
4.391666666666666496e-01 1.625000000000000056e-01 2.700000000000000178e-01 1.283333333333333270e-01
5.508333333333332860e-01 3.316666666666666652e-01 2.249999999999999917e-02 9.500000000000000111e-02
3.250000000000000111e-01 1.591666666666666785e-01 1.716666666666666619e-01 3.441666666666666763e-01
1.125000000000000028e-01 3.191666666666666541e-01 3.291666666666666630e-01 2.391666666666666663e-01
1.925000000000000044e-01 2.575000000000000067e-01 1.466666666666666674e-01 4.033333333333333215e-01
1.141666666666666663e-01 3.574999999999999845e-01 2.891666666666666829e-01 2.391666666666666663e-01
3.316666666666666652e-01 1.074999999999999983e-01 3.683333333333333459e-01 1.925000000000000044e-01
7.249999999999999500e-02 1.658333333333333326e-01 3.749999999999999861e-02 7.241666666666666252e-01
9.083333333333333537e-02 1.549999999999999989e-01 2.941666666666666874e-01 4.600000000000000200e-01
6.833333333333332926e-02 1.158333333333333298e-01 5.050000000000000044e-01 3.108333333333333504e-01
1.650000000000000078e-01 4.258333333333333415e-01 1.708333333333333370e-01 2.383333333333333415e-01
