1.300000000000000044e-01 3.658333333333333437e-01 4.724999999999999756e-01 3.166666666666666935e-02
2.633333333333333082e-01 7.583333333333333592e-02 1.758333333333333415e-01 4.849999999999999867e-01
5.583333333333333204e-02 3.500000000000000333e-02 6.758333333333332860e-01 2.333333333333333370e-01
3.166666666666666519e-01 1.483333333333333448e-01 4.316666666666666430e-01 1.033333333333333326e-01
1.049999999999999961e-01 2.525000000000000022e-01 3.150000000000000022e-01 3.275000000000000133e-01
3.058333333333333459e-01 2.416666666666666685e-01 1.508333333333333470e-01 3.016666666666666941e-01
3.541666666666666852e-01 2.874999999999999778e-01 2.441666666666666707e-01 1.141666666666666663e-01
3.283333333333333104e-01 2.658333333333333104e-01 3.658333333333333437e-01 4.000000000000000083e-02
4.758333333333333304e-01 6.833333333333332926e-02 1.633333333333333304e-01 2.924999999999999822e-01
1.516666666666666718e-01 1.941666666666666541e-01 1.174999999999999933e-01 5.366666666666666252e-01
2.249999999999999917e-02 4.666666666666666741e-01 4.166666666666666852e-01 9.416666666666666241e-02
4.666666666666666879e-02 8.225000000000000089e-01 6.916666666666666796e-02 6.166666666666666824e-02
1.300000000000000044e-01 1.383333333333333359e-01 2.625000000000000111e-01 4.691666666666666763e-01
4.708333333333333259e-01 2.766666666666666718e-01 6.333333333333333870e-02 1.891666666666666774e-01
2.866666666666666807e-01 3.858333333333333059e-01 3.166666666666666935e-02 2.958333333333333370e-01
2.500000000000000139e-02 2.275000000000000078e-01 3.333333333333333287e-02 7.141666666666666163e-01
2.608333333333333059e-01 2.783333333333333215e-01 3.574999999999999845e-01 1.033333333333333326e-01
5.750000000000000250e-02 5.450000000000000400e-01 3.116666666666666474e-01 8.583333333333333093e-02
1.799999999999999933e-01 2.791666666666666741e-01 3.841666666666666563e-01 1.566666666666666763e-01
5.341666666666666785e-01 1.675000000000000100e-01 5.583333333333333204e-02 2.424999999999999933e-01
2.833333333333333190e-02 4.391666666666666496e-01 1.808333333333333459e-01 3.516666666666666829e-01
3.666666666666666408e-01 5.999999999999999778e-02 3.566666666666666874e-01 2.166666666666666741e-01
2.099999999999999922e-01 2.174999999999999989e-01 2.300000000000000100e-01 3.425000000000000266e-01
