5.816666666666666652e-01 1.366666666666666585e-01 1.524999999999999967e-01 1.291666666666666796e-01
2.766666666666666718e-01 2.066666666666666652e-01 2.416666666666666685e-01 2.750000000000000222e-01
3.391666666666666718e-01 1.808333333333333459e-01 4.041666666666666741e-01 7.583333333333333592e-02
5.024999999999999467e-01 2.424999999999999933e-01 9.666666666666666463e-02 1.583333333333333259e-01
5.108333333333333615e-01 4.666666666666666879e-02 2.541666666666666519e-01 1.883333333333333248e-01
3.333333333333333547e-03 3.716666666666666452e-01 5.658333333333332993e-01 5.916666666666666602e-02
1.074999999999999983e-01 4.583333333333333010e-02 7.408333333333333437e-01 1.058333333333333348e-01
2.099999999999999922e-01 2.091666666666666674e-01 3.583333333333333370e-01 2.225000000000000033e-01
9.916666666666666685e-02 2.283333333333333326e-01 3.624999999999999889e-01 3.099999999999999978e-01
6.666666666666666574e-02 4.866666666666666918e-01 2.124999999999999944e-01 2.341666666666666619e-01
2.449999999999999956e-01 3.058333333333333459e-01 2.583333333333333592e-01 1.908333333333333270e-01
2.091666666666666674e-01 5.733333333333333615e-01 1.333333333333333315e-01 8.416666666666666741e-02
3.391666666666666718e-01 1.074999999999999983e-01 4.174999999999999822e-01 1.358333333333333337e-01
6.458333333333333703e-01 1.400000000000000133e-01 2.166666666666666741e-02 1.925000000000000044e-01
4.050000000000000266e-01 3.175000000000000044e-01 1.158333333333333298e-01 1.616666666666666530e-01
2.208333333333333259e-01 3.800000000000000044e-01 3.825000000000000067e-01 1.666666666666666644e-02
8.333333333333332871e-02 2.500000000000000000e-01 2.391666666666666663e-01 4.274999999999999911e-01
1.933333333333333293e-01 4.991666666666666474e-01 1.758333333333333415e-01 1.316666666666666541e-01
8.358333333333333171e-01 5.666666666666666380e-02 2.916666666666666713e-02 7.833333333333333814e-02
1.441666666666666652e-01 2.833333333333333259e-01 9.333333333333333759e-02 4.791666666666666852e-01
8.749999999999999445e-02 1.499999999999999944e-01 1.675000000000000100e-01 5.949999999999999734e-01
