5.183333333333333126e-01 1.316666666666666541e-01 2.500000000000000000e-01 1.000000000000000056e-01
1.125000000000000028e-01 1.474999999999999922e-01 5.991666666666666252e-01 1.408333333333333381e-01
1.716666666666666619e-01 1.566666666666666763e-01 5.216666666666666119e-01 1.499999999999999944e-01
5.074999999999999512e-01 8.333333333333332871e-02 2.058333333333333404e-01 2.033333333333333381e-01
1.774999999999999911e-01 2.999999999999999889e-01 1.216666666666666730e-01 4.008333333333333193e-01
4.899999999999999911e-01 2.241666666666666530e-01 8.166666666666666519e-02 2.041666666666666630e-01
2.666666666666666630e-01 3.591666666666666896e-01 2.991666666666666918e-01 7.499999999999999722e-02
1.833333333333333204e-01 9.166666666666666019e-02 1.116666666666666641e-01 6.133333333333332860e-01
2.049999999999999878e-01 2.591666666666666563e-01 1.383333333333333359e-01 3.975000000000000200e-01
1.049999999999999961e-01 4.458333333333333592e-01 3.800000000000000044e-01 6.916666666666666796e-02
5.841666666666666119e-01 1.150000000000000050e-01 1.008333333333333304e-01 2.000000000000000111e-01
3.549999999999999822e-01 1.933333333333333293e-01 8.166666666666666519e-02 3.699999999999999956e-01
6.550000000000000266e-01 2.441666666666666707e-01 2.666666666666666838e-02 7.416666666666667240e-02
1.033333333333333326e-01 2.658333333333333104e-01 5.474999999999999867e-01 8.333333333333332871e-02
5.083333333333333454e-02 8.558333333333333348e-01 3.916666666666666907e-02 5.416666666666666852e-02
4.683333333333333237e-01 4.750000000000000056e-02 3.150000000000000022e-01 1.691666666666666596e-01
9.083333333333333537e-02 2.333333333333333370e-01 2.824999999999999734e-01 3.933333333333333126e-01
1.233333333333333365e-01 3.166666666666666519e-01 1.883333333333333248e-01 3.716666666666666452e-01
2.991666666666666918e-01 1.041666666666666713e-01 1.583333333333333467e-02 5.808333333333333126e-01
1.041666666666666713e-01 2.366666666666666641e-01 1.650000000000000078e-01 4.941666666666666430e-01
