3.099999999999999978e-02 4.599999999999999922e-02 6.870000000000000551e-01 2.359999999999999876e-01
1.079999999999999988e-01 1.330000000000000071e-01 8.200000000000000344e-02 6.770000000000000462e-01
2.597400000000000056e-02 6.303699999999999859e-01 0.000000000000000000e+00 3.436560000000000170e-01
6.056059999999999777e-01 2.872870000000000146e-01 5.105099999999999916e-02 5.605600000000000166e-02
2.097900000000000112e-02 6.203800000000000425e-01 3.096900000000000000e-02 3.276720000000000188e-01
2.000000000000000111e-01 6.199999999999999956e-02 7.379999999999999893e-01 0.000000000000000000e+00
0.000000000000000000e+00 7.229999999999999760e-01 2.770000000000000240e-01 0.000000000000000000e+00
2.099999999999999922e-01 2.310000000000000109e-01 5.099999999999999672e-02 5.080000000000000071e-01
5.004999999999999900e-03 2.972969999999999779e-01 1.501500000000000057e-02 6.826830000000000398e-01
2.100000000000000130e-02 3.330000000000000182e-01 5.540000000000000480e-01 9.199999999999999845e-02
2.869999999999999774e-01 1.539999999999999980e-01 5.590000000000000524e-01 0.000000000000000000e+00
7.199999999999999456e-02 5.899999999999999689e-01 2.049999999999999878e-01 1.330000000000000071e-01
5.605600000000000166e-02 9.209199999999999331e-02 5.605600000000000166e-02 7.957959999999999479e-01
1.489999999999999936e-01 0.000000000000000000e+00 7.950000000000000400e-01 5.600000000000000117e-02
2.720000000000000195e-01 4.560000000000000164e-01 2.720000000000000195e-01 0.000000000000000000e+00
1.690000000000000113e-01 3.850000000000000089e-01 1.739999999999999880e-01 2.720000000000000195e-01
2.602600000000000052e-02 5.795799999999999841e-01 5.605600000000000166e-02 3.383380000000000276e-01
2.459999999999999964e-01 3.230000000000000093e-01 1.229999999999999982e-01 3.079999999999999960e-01
