1.558333333333333237e-01 6.341666666666666563e-01 1.016666666666666691e-01 1.083333333333333370e-01
2.016666666666666607e-01 3.549999999999999822e-01 1.216666666666666730e-01 3.216666666666666563e-01
6.250000000000000000e-02 1.250000000000000069e-02 4.666666666666666741e-01 4.583333333333333148e-01
3.183333333333333570e-01 1.091666666666666619e-01 4.041666666666666741e-01 1.683333333333333348e-01
1.174999999999999933e-01 2.141666666666666718e-01 1.716666666666666619e-01 4.966666666666666452e-01
6.583333333333332704e-02 2.408333333333333437e-01 2.508333333333333526e-01 4.425000000000000044e-01
1.166666666666666720e-02 1.975000000000000089e-01 7.199999999999999734e-01 7.083333333333333148e-02
2.374999999999999889e-01 2.041666666666666630e-01 4.808333333333333348e-01 7.749999999999999944e-02
1.333333333333333315e-01 2.166666666666666741e-01 1.608333333333333282e-01 4.891666666666666941e-01
2.983333333333333393e-01 3.708333333333333481e-01 2.741666666666666696e-01 5.666666666666666380e-02
3.350000000000000200e-01 1.616666666666666530e-01 2.691666666666666652e-01 2.341666666666666619e-01
7.499999999999999722e-03 1.100000000000000006e-01 5.916666666666666741e-01 2.908333333333333326e-01
2.158333333333333215e-01 4.791666666666666852e-01 1.724999999999999867e-01 1.325000000000000067e-01
4.516666666666666607e-01 1.333333333333333315e-01 1.833333333333333343e-02 3.966666666666666674e-01
5.166666666666666630e-02 1.250000000000000000e-01 9.500000000000000111e-02 7.283333333333333881e-01
4.475000000000000089e-01 7.249999999999999500e-02 2.341666666666666619e-01 2.458333333333333204e-01
4.199999999999999845e-01 2.700000000000000178e-01 1.350000000000000089e-01 1.749999999999999889e-01
3.325000000000000178e-01 2.308333333333333348e-01 2.166666666666666741e-01 2.200000000000000011e-01
4.891666666666666941e-01 5.249999999999999806e-02 1.308333333333333293e-01 3.275000000000000133e-01
2.008333333333333359e-01 8.749999999999999445e-02 1.491666666666666696e-01 5.625000000000000000e-01
1.416666666666666595e-02 2.508333333333333526e-01 2.366666666666666641e-01 4.983333333333333504e-01
1.333333333333333315e-01 4.066666666666666763e-01 8.666666666666666963e-02 3.733333333333333504e-01
