3.666666666666666685e-02 5.108333333333333615e-01 3.783333333333333548e-01 7.416666666666667240e-02
5.083333333333333454e-02 4.233333333333333393e-01 4.291666666666666408e-01 9.666666666666666463e-02
8.833333333333333315e-02 1.366666666666666585e-01 4.666666666666666741e-01 3.083333333333333481e-01
2.666666666666666630e-01 4.958333333333333481e-01 5.500000000000000028e-02 1.824999999999999956e-01
2.000000000000000111e-01 2.591666666666666563e-01 1.333333333333333419e-02 5.274999999999999689e-01
9.916666666666666685e-02 3.500000000000000333e-02 5.249999999999999806e-02 8.133333333333333526e-01
3.666666666666666408e-01 3.524999999999999800e-01 1.158333333333333298e-01 1.650000000000000078e-01
5.158333333333333659e-01 3.333333333333333287e-02 3.900000000000000133e-01 6.083333333333333648e-02
3.549999999999999822e-01 3.691666666666666430e-01 1.791666666666666685e-01 9.666666666666666463e-02
1.941666666666666541e-01 1.033333333333333326e-01 1.325000000000000067e-01 5.699999999999999512e-01
3.091666666666666452e-01 1.941666666666666541e-01 2.866666666666666807e-01 2.099999999999999922e-01
4.425000000000000044e-01 2.508333333333333526e-01 2.266666666666666552e-01 8.000000000000000167e-02
3.300000000000000155e-01 3.166666666666666935e-02 3.166666666666666935e-02 6.066666666666666874e-01
8.083333333333332649e-02 4.683333333333333237e-01 2.099999999999999922e-01 2.408333333333333437e-01
1.724999999999999867e-01 4.199999999999999845e-01 6.416666666666666352e-02 3.433333333333333237e-01
1.125000000000000028e-01 1.758333333333333415e-01 5.925000000000000266e-01 1.191666666666666707e-01
3.474999999999999756e-01 1.100000000000000006e-01 2.300000000000000100e-01 3.125000000000000000e-01
3.775000000000000022e-01 2.016666666666666607e-01 2.675000000000000155e-01 1.533333333333333215e-01
9.416666666666666241e-02 1.333333333333333315e-01 3.108333333333333504e-01 4.616666666666666696e-01
3.150000000000000022e-01 4.450000000000000067e-01 1.583333333333333259e-01 8.166666666666666519e-02
3.033333333333333437e-01 1.391666666666666607e-01 4.508333333333333082e-01 1.066666666666666735e-01
2.741666666666666696e-01 8.833333333333333315e-02 1.266666666666666774e-01 5.108333333333333615e-01
