3.883333333333333082e-01 1.333333333333333419e-02 4.249999999999999889e-01 1.733333333333333393e-01
4.074999999999999734e-01 2.525000000000000022e-01 7.916666666666666297e-02 2.608333333333333059e-01
1.741666666666666641e-01 5.608333333333332948e-01 2.166666666666666741e-02 2.433333333333333459e-01
1.650000000000000078e-01 4.308333333333333459e-01 2.208333333333333259e-01 1.833333333333333204e-01
1.108333333333333393e-01 3.391666666666666718e-01 5.066666666666667096e-01 4.333333333333333481e-02
5.908333333333333215e-01 2.583333333333333315e-02 1.733333333333333393e-01 2.099999999999999922e-01
4.274999999999999911e-01 1.383333333333333359e-01 1.975000000000000089e-01 2.366666666666666641e-01
3.966666666666666674e-01 2.550000000000000044e-01 1.791666666666666685e-01 1.691666666666666596e-01
5.458333333333332815e-01 2.141666666666666718e-01 3.250000000000000111e-02 2.074999999999999900e-01
6.108333333333333393e-01 2.658333333333333104e-01 4.583333333333333010e-02 7.749999999999999944e-02
2.716666666666666674e-01 3.233333333333333059e-01 2.533333333333333548e-01 1.516666666666666718e-01
6.083333333333332815e-01 2.108333333333333448e-01 1.591666666666666785e-01 2.166666666666666741e-02
3.583333333333333509e-02 7.900000000000000355e-01 1.666666666666666574e-01 7.499999999999999722e-03
3.083333333333333412e-02 3.566666666666666874e-01 5.216666666666666119e-01 9.083333333333333537e-02
4.208333333333333370e-01 3.666666666666666685e-02 1.091666666666666619e-01 4.333333333333333481e-01
1.166666666666666685e-01 9.500000000000000111e-02 2.000000000000000111e-01 5.883333333333333748e-01
