4.949999999999999956e-01 3.666666666666666685e-02 3.408333333333333215e-01 1.275000000000000022e-01
4.708333333333333259e-01 1.541666666666666741e-01 3.225000000000000089e-01 5.249999999999999806e-02
3.508333333333333304e-01 1.849999999999999978e-01 2.924999999999999822e-01 1.716666666666666619e-01
1.891666666666666774e-01 2.016666666666666607e-01 5.041666666666666519e-01 1.049999999999999961e-01
4.366666666666666474e-01 2.633333333333333082e-01 9.750000000000000333e-02 2.025000000000000133e-01
4.941666666666666430e-01 1.575000000000000011e-01 2.225000000000000033e-01 1.258333333333333248e-01
4.166666666666666609e-03 3.049999999999999933e-01 2.391666666666666663e-01 4.516666666666666607e-01
4.250000000000000305e-02 3.716666666666666452e-01 2.266666666666666552e-01 3.591666666666666896e-01
1.716666666666666619e-01 6.733333333333333393e-01 1.433333333333333404e-01 1.166666666666666720e-02
1.024999999999999939e-01 1.633333333333333304e-01 7.333333333333333370e-02 6.608333333333333837e-01
4.666666666666666741e-01 1.108333333333333393e-01 3.033333333333333437e-01 1.191666666666666707e-01
3.400000000000000244e-01 6.916666666666666796e-02 2.033333333333333381e-01 3.875000000000000111e-01
1.316666666666666541e-01 1.091666666666666619e-01 4.791666666666666852e-01 2.800000000000000266e-01
2.666666666666666838e-02 3.608333333333333393e-01 1.291666666666666796e-01 4.833333333333333370e-01
4.291666666666666408e-01 1.758333333333333415e-01 2.283333333333333326e-01 1.666666666666666574e-01
4.625000000000000222e-01 1.916666666666666796e-01 1.066666666666666735e-01 2.391666666666666663e-01
1.191666666666666707e-01 1.325000000000000067e-01 1.133333333333333276e-01 6.350000000000000089e-01
2.124999999999999944e-01 1.891666666666666774e-01 1.608333333333333282e-01 4.375000000000000000e-01
6.083333333333333648e-02 2.833333333333333259e-01 3.300000000000000155e-01 3.258333333333333082e-01
3.166666666666666935e-02 6.816666666666666430e-01 1.100000000000000006e-01 1.766666666666666663e-01
2.216666666666666785e-01 5.833333333333333426e-02 5.108333333333333615e-01 2.091666666666666674e-01
2.999999999999999889e-01 5.249999999999999806e-02 1.024999999999999939e-01 5.450000000000000400e-01
