6.691666666666666874e-01 1.024999999999999939e-01 1.433333333333333404e-01 8.500000000000000611e-02
1.866666666666666752e-01 1.416666666666666630e-01 5.741666666666667140e-01 9.750000000000000333e-02
3.666666666666666685e-02 5.249999999999999806e-02 3.416666666666666463e-02 8.766666666666667052e-01
1.408333333333333381e-01 2.374999999999999889e-01 3.624999999999999889e-01 2.591666666666666563e-01
2.149999999999999967e-01 3.900000000000000133e-01 1.416666666666666630e-01 2.533333333333333548e-01
6.941666666666667096e-01 1.058333333333333348e-01 1.516666666666666718e-01 4.833333333333333232e-02
7.891666666666666829e-01 6.916666666666666796e-02 5.249999999999999806e-02 8.916666666666667185e-02
6.916666666666666796e-02 7.233333333333333837e-01 1.100000000000000006e-01 9.750000000000000333e-02
1.224999999999999978e-01 6.833333333333332926e-02 7.375000000000000444e-01 7.166666666666667018e-02
2.383333333333333415e-01 1.541666666666666741e-01 4.883333333333333415e-01 1.191666666666666707e-01
1.375000000000000111e-01 6.083333333333332815e-01 1.283333333333333270e-01 1.258333333333333248e-01
2.099999999999999922e-01 3.966666666666666674e-01 1.691666666666666596e-01 2.241666666666666530e-01
7.308333333333333348e-01 8.749999999999999445e-02 1.091666666666666619e-01 7.249999999999999500e-02
2.008333333333333359e-01 2.258333333333333304e-01 4.025000000000000244e-01 1.708333333333333370e-01
1.108333333333333393e-01 1.883333333333333248e-01 5.691666666666667096e-01 1.316666666666666541e-01
2.133333333333333470e-01 3.666666666666666408e-01 1.466666666666666674e-01 2.733333333333333171e-01
2.033333333333333381e-01 1.391666666666666607e-01 1.691666666666666596e-01 4.883333333333333415e-01
5.741666666666667140e-01 1.408333333333333381e-01 1.591666666666666785e-01 1.258333333333333248e-01
1.133333333333333276e-01 5.541666666666666963e-01 2.308333333333333348e-01 1.016666666666666691e-01
1.100000000000000006e-01 7.183333333333333792e-01 8.833333333333333315e-02 8.333333333333332871e-02
