5.583333333333333204e-02 1.083333333333333370e-01 5.491666666666666918e-01 2.866666666666666807e-01
2.700000000000000178e-01 5.266666666666666163e-01 8.250000000000000389e-02 1.208333333333333343e-01
1.524999999999999967e-01 2.775000000000000244e-01 3.966666666666666674e-01 1.733333333333333393e-01
3.300000000000000155e-01 2.208333333333333259e-01 2.558333333333333570e-01 1.933333333333333293e-01
4.491666666666666585e-01 7.333333333333333370e-02 2.424999999999999933e-01 2.349999999999999867e-01
2.966666666666666896e-01 2.600000000000000089e-01 1.799999999999999933e-01 2.633333333333333082e-01
2.625000000000000111e-01 3.500000000000000333e-02 1.641666666666666552e-01 5.383333333333333304e-01
1.858333333333333226e-01 2.416666666666666616e-02 4.174999999999999822e-01 3.724999999999999978e-01
7.416666666666667240e-02 2.416666666666666616e-02 3.858333333333333059e-01 5.158333333333333659e-01
2.958333333333333370e-01 2.474999999999999978e-01 3.825000000000000067e-01 7.416666666666667240e-02
1.708333333333333370e-01 4.666666666666666741e-01 3.483333333333333282e-01 1.416666666666666595e-02
1.916666666666666519e-02 1.325000000000000067e-01 3.533333333333333326e-01 4.949999999999999956e-01
4.974999999999999978e-01 2.949999999999999845e-01 1.575000000000000011e-01 5.000000000000000278e-02
1.441666666666666652e-01 2.958333333333333370e-01 6.666666666666666574e-02 4.933333333333333459e-01
1.258333333333333248e-01 1.183333333333333320e-01 2.433333333333333459e-01 5.124999999999999556e-01
4.650000000000000244e-01 4.000000000000000222e-01 7.416666666666667240e-02 6.083333333333333648e-02
2.399999999999999911e-01 1.808333333333333459e-01 9.750000000000000333e-02 4.816666666666666874e-01
1.408333333333333381e-01 4.558333333333333126e-01 5.999999999999999778e-02 3.433333333333333237e-01
1.416666666666666595e-02 4.691666666666666763e-01 4.716666666666666785e-01 4.499999999999999833e-02
2.441666666666666707e-01 3.816666666666666541e-01 6.583333333333332704e-02 3.083333333333333481e-01
4.333333333333333481e-02 3.966666666666666674e-01 6.916666666666666796e-02 4.908333333333333437e-01
2.333333333333333370e-01 2.200000000000000011e-01 3.908333333333333104e-01 1.558333333333333237e-01
1.408333333333333381e-01 2.550000000000000044e-01 5.625000000000000000e-01 4.166666666666666435e-02
