7.075000000000000178e-01 1.158333333333333298e-01 9.750000000000000333e-02 7.916666666666666297e-02
2.058333333333333404e-01 6.916666666666666796e-02 6.141666666666666385e-01 1.108333333333333393e-01
9.249999999999999889e-02 9.333333333333333759e-02 2.750000000000000014e-02 7.866666666666666252e-01
2.174999999999999989e-01 2.399999999999999911e-01 3.591666666666666896e-01 1.833333333333333204e-01
2.241666666666666530e-01 3.483333333333333282e-01 2.725000000000000200e-01 1.549999999999999989e-01
7.924999999999999822e-01 7.499999999999999722e-02 6.166666666666666824e-02 7.083333333333333148e-02
7.633333333333333082e-01 1.141666666666666663e-01 4.499999999999999833e-02 7.749999999999999944e-02
1.258333333333333248e-01 6.966666666666666563e-01 5.333333333333333676e-02 1.241666666666666613e-01
9.500000000000000111e-02 1.524999999999999967e-01 6.641666666666666829e-01 8.833333333333333315e-02
1.950000000000000067e-01 1.808333333333333459e-01 4.400000000000000022e-01 1.841666666666666730e-01
1.499999999999999944e-01 5.899999999999999689e-01 9.916666666666666685e-02 1.608333333333333282e-01
2.258333333333333304e-01 3.900000000000000133e-01 1.783333333333333437e-01 2.058333333333333404e-01
6.750000000000000444e-01 1.291666666666666796e-01 1.600000000000000033e-01 3.583333333333333509e-02
2.200000000000000011e-01 1.716666666666666619e-01 3.750000000000000000e-01 2.333333333333333370e-01
9.249999999999999889e-02 1.583333333333333259e-01 5.558333333333332904e-01 1.933333333333333293e-01
1.191666666666666707e-01 3.841666666666666563e-01 2.174999999999999989e-01 2.791666666666666741e-01
1.541666666666666741e-01 1.291666666666666796e-01 1.566666666666666763e-01 5.600000000000000533e-01
5.216666666666666119e-01 1.133333333333333276e-01 1.100000000000000006e-01 2.550000000000000044e-01
1.333333333333333315e-01 5.374999999999999778e-01 1.658333333333333326e-01 1.633333333333333304e-01
1.199999999999999956e-01 7.566666666666667096e-01 4.833333333333333232e-02 7.499999999999999722e-02
6.175000000000000488e-01 1.566666666666666763e-01 8.500000000000000611e-02 1.408333333333333381e-01
