1.016666666666666691e-01 5.174999999999999600e-01 2.766666666666666718e-01 1.041666666666666713e-01
1.774999999999999911e-01 3.241666666666666585e-01 3.233333333333333059e-01 1.749999999999999889e-01
2.108333333333333448e-01 2.474999999999999978e-01 3.816666666666666541e-01 1.600000000000000033e-01
6.816666666666666430e-01 7.499999999999999722e-02 1.983333333333333337e-01 4.499999999999999833e-02
3.750000000000000000e-01 3.016666666666666941e-01 1.508333333333333470e-01 1.724999999999999867e-01
2.833333333333333190e-02 2.941666666666666874e-01 3.574999999999999845e-01 3.200000000000000067e-01
3.683333333333333459e-01 3.533333333333333326e-01 8.999999999999999667e-02 1.883333333333333248e-01
4.425000000000000044e-01 6.083333333333333648e-02 2.000000000000000111e-01 2.966666666666666896e-01
3.608333333333333393e-01 2.225000000000000033e-01 1.116666666666666641e-01 3.049999999999999933e-01
3.591666666666666896e-01 2.974999999999999867e-01 1.741666666666666641e-01 1.691666666666666596e-01
5.166666666666666630e-02 5.658333333333332993e-01 2.750000000000000014e-02 3.549999999999999822e-01
1.125000000000000028e-01 1.083333333333333370e-01 5.083333333333333037e-01 2.708333333333333148e-01
3.074999999999999956e-01 3.258333333333333082e-01 2.483333333333333226e-01 1.183333333333333320e-01
8.583333333333333093e-02 4.408333333333333548e-01 4.191666666666666874e-01 5.416666666666666852e-02
6.241666666666666474e-01 1.216666666666666730e-01 4.250000000000000305e-02 2.116666666666666696e-01
2.691666666666666652e-01 3.250000000000000111e-01 5.500000000000000028e-02 3.508333333333333304e-01
2.924999999999999822e-01 7.083333333333333148e-02 3.275000000000000133e-01 3.091666666666666452e-01
7.574999999999999512e-01 5.333333333333333676e-02 2.166666666666666741e-02 1.675000000000000100e-01
1.516666666666666718e-01 6.433333333333333126e-01 1.216666666666666730e-01 8.333333333333332871e-02
1.508333333333333470e-01 6.149999999999999911e-01 1.616666666666666530e-01 7.249999999999999500e-02
3.458333333333333259e-01 5.091666666666666563e-01 7.083333333333333148e-02 7.416666666666667240e-02
1.799999999999999933e-01 1.224999999999999978e-01 1.199999999999999956e-01 5.775000000000000133e-01
