3.416666666666666463e-02 2.341666666666666619e-01 5.200000000000000178e-01 2.116666666666666696e-01
8.250000000000000389e-02 1.291666666666666796e-01 6.083333333333332815e-01 1.799999999999999933e-01
1.433333333333333404e-01 1.125000000000000028e-01 6.066666666666666874e-01 1.375000000000000111e-01
2.000000000000000111e-01 2.883333333333333304e-01 2.191666666666666763e-01 2.924999999999999822e-01
4.891666666666666941e-01 9.416666666666666241e-02 1.833333333333333204e-01 2.333333333333333370e-01
3.425000000000000266e-01 2.349999999999999867e-01 6.083333333333333648e-02 3.616666666666666918e-01
1.474999999999999922e-01 5.541666666666666963e-01 9.166666666666666713e-03 2.891666666666666829e-01
4.124999999999999778e-01 3.641666666666666941e-01 2.750000000000000014e-02 1.958333333333333315e-01
3.574999999999999845e-01 3.325000000000000178e-01 1.941666666666666541e-01 1.158333333333333298e-01
3.549999999999999822e-01 8.749999999999999445e-02 5.050000000000000044e-01 5.249999999999999806e-02
5.699999999999999512e-01 2.233333333333333282e-01 1.774999999999999911e-01 2.916666666666666713e-02
8.000000000000000167e-02 2.483333333333333226e-01 2.525000000000000022e-01 4.191666666666666874e-01
2.608333333333333059e-01 4.425000000000000044e-01 2.341666666666666619e-01 6.250000000000000000e-02
2.591666666666666563e-01 3.916666666666666630e-01 2.341666666666666619e-01 1.150000000000000050e-01
2.016666666666666607e-01 2.883333333333333304e-01 1.216666666666666730e-01 3.883333333333333082e-01
1.666666666666666644e-02 1.575000000000000011e-01 5.899999999999999689e-01 2.358333333333333393e-01
1.858333333333333226e-01 2.758333333333333193e-01 2.341666666666666619e-01 3.041666666666666408e-01
5.050000000000000044e-01 1.508333333333333470e-01 2.249999999999999917e-02 3.216666666666666563e-01
5.508333333333332860e-01 1.508333333333333470e-01 2.458333333333333204e-01 5.249999999999999806e-02
5.999999999999999778e-02 7.399999999999999911e-01 2.166666666666666741e-02 1.783333333333333437e-01
2.133333333333333470e-01 2.116666666666666696e-01 1.199999999999999956e-01 4.550000000000000155e-01
1.233333333333333365e-01 2.283333333333333326e-01 7.083333333333333148e-02 5.775000000000000133e-01
6.333333333333333870e-02 1.650000000000000078e-01 3.708333333333333481e-01 4.008333333333333193e-01
