1.966666666666666563e-01 1.724999999999999867e-01 8.833333333333333315e-02 5.424999999999999822e-01
5.249999999999999806e-02 8.749999999999999445e-02 5.416666666666666297e-01 3.183333333333333570e-01
1.716666666666666619e-01 2.483333333333333226e-01 5.333333333333333676e-02 5.266666666666666163e-01
2.608333333333333059e-01 8.416666666666666741e-02 5.941666666666666208e-01 6.083333333333333648e-02
4.591666666666666674e-01 3.225000000000000089e-01 1.358333333333333337e-01 8.250000000000000389e-02
2.133333333333333470e-01 1.316666666666666541e-01 4.750000000000000056e-02 6.075000000000000400e-01
4.699999999999999734e-01 1.791666666666666685e-01 1.208333333333333343e-01 2.300000000000000100e-01
1.058333333333333348e-01 3.483333333333333282e-01 3.233333333333333059e-01 2.225000000000000033e-01
6.083333333333333648e-02 1.191666666666666707e-01 7.291666666666666297e-01 9.083333333333333537e-02
1.016666666666666691e-01 2.408333333333333437e-01 4.658333333333333215e-01 1.916666666666666796e-01
2.500000000000000139e-02 7.249999999999999778e-01 1.049999999999999961e-01 1.449999999999999900e-01
5.508333333333332860e-01 2.025000000000000133e-01 1.724999999999999867e-01 7.416666666666667240e-02
1.958333333333333315e-01 5.500000000000000028e-02 3.016666666666666941e-01 4.475000000000000089e-01
4.366666666666666474e-01 1.424999999999999878e-01 4.499999999999999833e-02 3.758333333333333526e-01
2.725000000000000200e-01 3.708333333333333481e-01 1.241666666666666613e-01 2.325000000000000122e-01
2.608333333333333059e-01 1.875000000000000000e-01 4.883333333333333415e-01 6.333333333333333870e-02
1.575000000000000011e-01 1.383333333333333359e-01 2.816666666666666763e-01 4.224999999999999867e-01
5.583333333333333204e-02 1.441666666666666652e-01 3.524999999999999800e-01 4.475000000000000089e-01
1.325000000000000067e-01 4.058333333333333237e-01 3.474999999999999756e-01 1.141666666666666663e-01
3.991666666666666696e-01 4.683333333333333237e-01 5.083333333333333454e-02 8.166666666666666519e-02
2.374999999999999889e-01 3.533333333333333326e-01 3.533333333333333326e-01 5.583333333333333204e-02
1.633333333333333304e-01 1.724999999999999867e-01 4.891666666666666941e-01 1.749999999999999889e-01
