1.466666666666666674e-01 1.383333333333333359e-01 6.766666666666666385e-01 3.833333333333333037e-02
5.024999999999999467e-01 1.708333333333333370e-01 2.291666666666666574e-01 9.750000000000000333e-02
1.216666666666666730e-01 7.333333333333333370e-02 3.391666666666666718e-01 4.658333333333333215e-01
2.716666666666666674e-01 1.183333333333333320e-01 1.024999999999999939e-01 5.074999999999999512e-01
2.300000000000000100e-01 2.399999999999999911e-01 1.950000000000000067e-01 3.350000000000000200e-01
3.049999999999999933e-01 5.999999999999999778e-02 3.275000000000000133e-01 3.074999999999999956e-01
5.408333333333333881e-01 1.749999999999999889e-01 2.466666666666666730e-01 3.749999999999999861e-02
6.500000000000000222e-02 4.750000000000000056e-02 6.025000000000000355e-01 2.849999999999999756e-01
3.058333333333333459e-01 4.066666666666666763e-01 1.558333333333333237e-01 1.316666666666666541e-01
9.166666666666666713e-03 3.825000000000000067e-01 1.441666666666666652e-01 4.641666666666666718e-01
1.224999999999999978e-01 4.708333333333333259e-01 1.250000000000000000e-01 2.816666666666666763e-01
2.824999999999999734e-01 1.600000000000000033e-01 2.525000000000000022e-01 3.049999999999999933e-01
2.083333333333333218e-02 3.108333333333333504e-01 4.191666666666666874e-01 2.491666666666666752e-01
5.166666666666666630e-02 1.033333333333333326e-01 2.124999999999999944e-01 6.324999999999999512e-01
3.191666666666666541e-01 1.724999999999999867e-01 3.008333333333333415e-01 2.074999999999999900e-01
3.066666666666666430e-01 2.466666666666666730e-01 4.116666666666666807e-01 3.500000000000000333e-02
4.525000000000000133e-01 1.799999999999999933e-01 1.424999999999999878e-01 2.250000000000000056e-01
2.208333333333333259e-01 2.149999999999999967e-01 5.441666666666666874e-01 2.000000000000000042e-02
6.824999999999999956e-01 2.116666666666666696e-01 8.166666666666666519e-02 2.416666666666666616e-02
3.083333333333333412e-02 4.000000000000000083e-02 2.391666666666666663e-01 6.899999999999999467e-01
3.741666666666666474e-01 5.083333333333333454e-02 3.300000000000000155e-01 2.449999999999999956e-01
2.358333333333333393e-01 3.233333333333333059e-01 3.416666666666666741e-01 9.916666666666666685e-02
