4.083333333333333259e-01 1.150000000000000050e-01 7.916666666666666297e-02 3.975000000000000200e-01
2.033333333333333381e-01 5.775000000000000133e-01 1.224999999999999978e-01 9.666666666666666463e-02
1.691666666666666596e-01 2.999999999999999889e-02 1.625000000000000056e-01 6.383333333333333082e-01
4.158333333333333326e-01 5.999999999999999778e-02 4.233333333333333393e-01 1.008333333333333304e-01
4.683333333333333237e-01 1.600000000000000033e-01 2.483333333333333226e-01 1.233333333333333365e-01
7.833333333333333814e-02 4.408333333333333548e-01 1.491666666666666696e-01 3.316666666666666652e-01
4.766666666666666829e-01 2.149999999999999967e-01 2.149999999999999967e-01 9.333333333333333759e-02
3.733333333333333504e-01 2.991666666666666918e-01 1.608333333333333282e-01 1.666666666666666574e-01
4.299999999999999933e-01 2.600000000000000089e-01 2.491666666666666752e-01 6.083333333333333648e-02
2.766666666666666718e-01 1.566666666666666763e-01 3.466666666666666785e-01 2.200000000000000011e-01
1.849999999999999978e-01 1.900000000000000022e-01 4.191666666666666874e-01 2.058333333333333404e-01
3.716666666666666452e-01 3.041666666666666408e-01 4.833333333333333232e-02 2.758333333333333193e-01
5.383333333333333304e-01 9.833333333333332815e-02 2.349999999999999867e-01 1.283333333333333270e-01
4.000000000000000222e-01 1.241666666666666613e-01 1.391666666666666607e-01 3.366666666666666696e-01
3.250000000000000111e-02 4.633333333333333193e-01 1.499999999999999944e-02 4.891666666666666941e-01
5.266666666666666163e-01 1.875000000000000000e-01 1.658333333333333326e-01 1.199999999999999956e-01
7.600000000000000089e-01 7.249999999999999500e-02 4.333333333333333481e-02 1.241666666666666613e-01
2.750000000000000222e-01 4.499999999999999833e-02 5.758333333333333082e-01 1.041666666666666713e-01
1.375000000000000111e-01 1.641666666666666552e-01 2.508333333333333526e-01 4.475000000000000089e-01
1.208333333333333343e-01 5.333333333333333676e-02 3.058333333333333459e-01 5.200000000000000178e-01
3.191666666666666541e-01 8.083333333333332649e-02 1.941666666666666541e-01 4.058333333333333237e-01
1.883333333333333248e-01 2.783333333333333215e-01 4.400000000000000022e-01 9.333333333333333759e-02
