2.833333333333333259e-01 1.449999999999999900e-01 2.500000000000000139e-02 5.466666666666666341e-01
3.400000000000000244e-01 1.208333333333333343e-01 4.916666666666666408e-01 4.750000000000000056e-02
7.116666666666666696e-01 4.083333333333333259e-02 6.500000000000000222e-02 1.824999999999999956e-01
2.683333333333333126e-01 1.333333333333333315e-01 2.266666666666666552e-01 3.716666666666666452e-01
1.291666666666666796e-01 3.016666666666666941e-01 2.500000000000000000e-01 3.191666666666666541e-01
1.024999999999999939e-01 1.024999999999999939e-01 5.000000000000000000e-01 2.949999999999999845e-01
2.391666666666666663e-01 8.749999999999999445e-02 5.033333333333332993e-01 1.700000000000000122e-01
1.766666666666666663e-01 1.541666666666666741e-01 1.291666666666666796e-01 5.400000000000000355e-01
2.216666666666666785e-01 1.499999999999999944e-02 5.925000000000000266e-01 1.708333333333333370e-01
1.125000000000000028e-01 4.774999999999999800e-01 1.241666666666666613e-01 2.858333333333333282e-01
1.925000000000000044e-01 2.991666666666666918e-01 1.358333333333333337e-01 3.724999999999999978e-01
2.141666666666666718e-01 6.108333333333333393e-01 1.150000000000000050e-01 5.999999999999999778e-02
1.633333333333333304e-01 7.166666666666667018e-02 3.574999999999999845e-01 4.074999999999999734e-01
2.833333333333333190e-02 2.333333333333333440e-02 7.125000000000000222e-01 2.358333333333333393e-01
4.750000000000000056e-02 4.174999999999999822e-01 3.583333333333333370e-01 1.766666666666666663e-01
3.941666666666666652e-01 1.524999999999999967e-01 1.316666666666666541e-01 3.216666666666666563e-01
4.000000000000000083e-02 4.491666666666666585e-01 4.349999999999999978e-01 7.583333333333333592e-02
3.833333333333333592e-01 8.833333333333333315e-02 3.425000000000000266e-01 1.858333333333333226e-01
2.099999999999999922e-01 1.141666666666666663e-01 4.166666666666666852e-01 2.591666666666666563e-01
4.416666666666666657e-02 5.274999999999999689e-01 4.183333333333333348e-01 1.000000000000000021e-02
