4.499999999999999833e-02 3.716666666666666452e-01 1.000000000000000056e-01 4.833333333333333370e-01
2.650000000000000133e-01 3.850000000000000089e-01 1.041666666666666713e-01 2.458333333333333204e-01
3.666666666666666408e-01 1.458333333333333426e-01 1.024999999999999939e-01 3.850000000000000089e-01
7.816666666666666208e-01 7.666666666666666075e-02 1.091666666666666619e-01 3.250000000000000111e-02
3.099999999999999978e-01 1.824999999999999956e-01 9.916666666666666685e-02 4.083333333333333259e-01
5.658333333333332993e-01 2.174999999999999989e-01 3.250000000000000111e-02 1.841666666666666730e-01
1.966666666666666563e-01 1.683333333333333348e-01 4.241666666666666918e-01 2.108333333333333448e-01
1.908333333333333270e-01 2.025000000000000133e-01 2.308333333333333348e-01 3.758333333333333526e-01
1.058333333333333348e-01 5.283333333333333215e-01 2.608333333333333059e-01 1.049999999999999961e-01
3.325000000000000178e-01 3.508333333333333304e-01 6.833333333333332926e-02 2.483333333333333226e-01
1.774999999999999911e-01 1.508333333333333470e-01 2.791666666666666741e-01 3.925000000000000155e-01
3.375000000000000222e-01 6.916666666666666796e-02 2.858333333333333282e-01 3.074999999999999956e-01
1.858333333333333226e-01 7.166666666666667018e-02 6.083333333333332815e-01 1.341666666666666563e-01
6.750000000000000444e-02 4.266666666666666941e-01 4.883333333333333415e-01 1.750000000000000167e-02
1.766666666666666663e-01 8.333333333333332871e-02 5.541666666666666963e-01 1.858333333333333226e-01
6.075000000000000400e-01 2.583333333333333315e-02 2.541666666666666519e-01 1.125000000000000028e-01
8.000000000000000167e-02 3.741666666666666474e-01 2.333333333333333440e-02 5.224999999999999645e-01
4.274999999999999911e-01 3.049999999999999933e-01 9.666666666666666463e-02 1.708333333333333370e-01
1.058333333333333348e-01 4.333333333333333481e-02 4.408333333333333548e-01 4.099999999999999756e-01
4.324999999999999956e-01 2.358333333333333393e-01 3.333333333333333287e-02 2.983333333333333393e-01
1.566666666666666763e-01 2.091666666666666674e-01 3.883333333333333082e-01 2.458333333333333204e-01
2.566666666666666541e-01 1.941666666666666541e-01 5.233333333333333171e-01 2.583333333333333315e-02
