2.424999999999999933e-01 6.433333333333333126e-01 5.583333333333333204e-02 5.833333333333333426e-02
2.124999999999999944e-01 5.833333333333333426e-02 3.649999999999999911e-01 3.641666666666666941e-01
5.358333333333333837e-01 1.633333333333333304e-01 1.133333333333333276e-01 1.875000000000000000e-01
8.258333333333333082e-01 9.249999999999999889e-02 6.416666666666666352e-02 1.750000000000000167e-02
1.833333333333333343e-02 5.708333333333333037e-01 1.441666666666666652e-01 2.666666666666666630e-01
2.849999999999999756e-01 3.074999999999999956e-01 3.041666666666666408e-01 1.033333333333333326e-01
1.308333333333333293e-01 1.950000000000000067e-01 1.174999999999999933e-01 5.566666666666666430e-01
3.749999999999999861e-02 2.366666666666666641e-01 3.583333333333333370e-01 3.674999999999999933e-01
1.891666666666666774e-01 2.691666666666666652e-01 3.233333333333333059e-01 2.183333333333333237e-01
6.091666666666666341e-01 2.583333333333333315e-02 2.200000000000000011e-01 1.449999999999999900e-01
3.458333333333333259e-01 1.108333333333333393e-01 2.725000000000000200e-01 2.708333333333333148e-01
3.916666666666666907e-02 4.233333333333333393e-01 1.058333333333333348e-01 4.316666666666666430e-01
6.324999999999999512e-01 1.958333333333333315e-01 6.416666666666666352e-02 1.074999999999999983e-01
2.733333333333333171e-01 1.341666666666666563e-01 3.166666666666666519e-01 2.758333333333333193e-01
4.491666666666666585e-01 2.091666666666666674e-01 2.399999999999999911e-01 1.016666666666666691e-01
3.883333333333333082e-01 2.500000000000000000e-01 8.166666666666666519e-02 2.800000000000000266e-01
3.833333333333333037e-02 4.991666666666666474e-01 2.441666666666666707e-01 2.183333333333333237e-01
4.208333333333333370e-01 2.374999999999999889e-01 1.900000000000000022e-01 1.516666666666666718e-01
8.583333333333333093e-02 2.525000000000000022e-01 2.491666666666666752e-01 4.124999999999999778e-01
4.550000000000000155e-01 1.074999999999999983e-01 3.900000000000000133e-01 4.750000000000000056e-02
4.083333333333333259e-02 5.008333333333333526e-01 2.008333333333333359e-01 2.575000000000000067e-01
1.474999999999999922e-01 1.150000000000000050e-01 5.833333333333333703e-01 1.541666666666666741e-01
