4.433333333333333570e-01 3.833333333333333037e-02 2.575000000000000067e-01 2.608333333333333059e-01
2.225000000000000033e-01 4.766666666666666829e-01 2.074999999999999900e-01 9.333333333333333759e-02
2.016666666666666607e-01 3.141666666666666496e-01 2.775000000000000244e-01 2.066666666666666652e-01
3.441666666666666763e-01 1.750000000000000167e-02 2.808333333333333237e-01 3.574999999999999845e-01
1.233333333333333365e-01 1.683333333333333348e-01 6.133333333333332860e-01 9.500000000000000111e-02
2.166666666666666741e-01 4.341666666666666452e-01 2.416666666666666685e-01 1.074999999999999983e-01
3.041666666666666408e-01 6.383333333333333082e-01 3.666666666666666685e-02 2.083333333333333218e-02
2.058333333333333404e-01 3.325000000000000178e-01 4.750000000000000056e-02 4.141666666666666829e-01
8.500000000000000611e-02 2.783333333333333215e-01 1.841666666666666730e-01 4.525000000000000133e-01
1.875000000000000000e-01 5.541666666666666963e-01 7.666666666666666075e-02 1.816666666666666707e-01
2.424999999999999933e-01 1.033333333333333326e-01 2.099999999999999922e-01 4.441666666666666541e-01
1.741666666666666641e-01 2.874999999999999778e-01 1.816666666666666707e-01 3.566666666666666874e-01
1.325000000000000067e-01 5.000000000000000000e-01 2.333333333333333440e-02 3.441666666666666763e-01
4.708333333333333259e-01 1.583333333333333467e-02 2.949999999999999845e-01 2.183333333333333237e-01
1.875000000000000000e-01 3.083333333333333481e-01 3.941666666666666652e-01 1.100000000000000006e-01
2.500000000000000139e-02 3.716666666666666452e-01 3.316666666666666652e-01 2.716666666666666674e-01
6.075000000000000400e-01 1.174999999999999933e-01 2.016666666666666607e-01 7.333333333333333370e-02
2.583333333333333592e-01 3.500000000000000333e-02 1.516666666666666718e-01 5.550000000000000488e-01
1.608333333333333282e-01 3.574999999999999845e-01 1.224999999999999978e-01 3.591666666666666896e-01
2.533333333333333548e-01 2.349999999999999867e-01 1.158333333333333298e-01 3.958333333333333148e-01
2.116666666666666696e-01 1.000000000000000021e-02 1.741666666666666641e-01 6.041666666666666297e-01
3.666666666666666408e-01 4.608333333333333171e-01 2.916666666666666713e-02 1.433333333333333404e-01
