5.066666666666667096e-01 9.583333333333333981e-02 3.041666666666666408e-01 9.333333333333333759e-02
3.175000000000000044e-01 4.766666666666666829e-01 1.250000000000000069e-02 1.933333333333333293e-01
8.916666666666667185e-02 2.066666666666666652e-01 5.958333333333333259e-01 1.083333333333333370e-01
3.358333333333333171e-01 4.025000000000000244e-01 1.166666666666666685e-01 1.449999999999999900e-01
2.333333333333333370e-01 1.449999999999999900e-01 4.224999999999999867e-01 1.991666666666666585e-01
3.474999999999999756e-01 4.591666666666666674e-01 1.133333333333333276e-01 8.000000000000000167e-02
9.083333333333333537e-02 2.374999999999999889e-01 2.058333333333333404e-01 4.658333333333333215e-01
1.416666666666666630e-01 1.308333333333333293e-01 2.241666666666666530e-01 5.033333333333332993e-01
1.675000000000000100e-01 8.833333333333333315e-02 4.516666666666666607e-01 2.924999999999999822e-01
3.083333333333333481e-01 2.600000000000000089e-01 8.000000000000000167e-02 3.516666666666666829e-01
3.841666666666666563e-01 2.183333333333333237e-01 9.666666666666666463e-02 3.008333333333333415e-01
5.716666666666666563e-01 1.191666666666666707e-01 2.983333333333333393e-01 1.083333333333333370e-02
2.708333333333333148e-01 2.883333333333333304e-01 3.391666666666666718e-01 1.016666666666666691e-01
2.508333333333333526e-01 3.775000000000000022e-01 2.675000000000000155e-01 1.041666666666666713e-01
5.283333333333333215e-01 8.166666666666666519e-02 1.724999999999999867e-01 2.174999999999999989e-01
4.475000000000000089e-01 5.000000000000000000e-01 4.750000000000000056e-02 5.000000000000000104e-03
7.499999999999999722e-03 4.766666666666666829e-01 3.591666666666666896e-01 1.566666666666666763e-01
5.383333333333333304e-01 3.916666666666666907e-02 2.233333333333333282e-01 1.991666666666666585e-01
4.050000000000000266e-01 1.966666666666666563e-01 1.241666666666666613e-01 2.741666666666666696e-01
4.841666666666666896e-01 7.249999999999999500e-02 3.341666666666666674e-01 1.091666666666666619e-01
1.866666666666666752e-01 1.724999999999999867e-01 1.474999999999999922e-01 4.933333333333333459e-01
6.400000000000000133e-01 2.849999999999999756e-01 3.666666666666666685e-02 3.833333333333333037e-02
