1.733333333333333393e-01 9.083333333333333537e-02 3.250000000000000111e-02 7.033333333333333659e-01
5.641666666666667052e-01 2.675000000000000155e-01 1.000000000000000056e-01 6.833333333333332926e-02
3.033333333333333437e-01 2.775000000000000244e-01 2.866666666666666807e-01 1.325000000000000067e-01
1.325000000000000067e-01 1.008333333333333304e-01 2.941666666666666874e-01 4.724999999999999756e-01
2.916666666666666713e-02 6.166666666666666824e-02 2.316666666666666596e-01 6.774999999999999911e-01
2.691666666666666652e-01 4.375000000000000000e-01 2.000000000000000111e-01 9.333333333333333759e-02
2.333333333333333370e-01 5.891666666666666163e-01 1.000000000000000056e-01 7.749999999999999944e-02
1.125000000000000028e-01 1.208333333333333343e-01 5.283333333333333215e-01 2.383333333333333415e-01
2.566666666666666541e-01 3.750000000000000000e-01 5.750000000000000250e-02 3.108333333333333504e-01
1.016666666666666691e-01 1.541666666666666741e-01 2.399999999999999911e-01 5.041666666666666519e-01
2.583333333333333592e-01 2.183333333333333237e-01 2.275000000000000078e-01 2.958333333333333370e-01
1.241666666666666613e-01 4.416666666666666519e-01 1.516666666666666718e-01 2.824999999999999734e-01
3.191666666666666541e-01 2.841666666666666785e-01 2.566666666666666541e-01 1.400000000000000133e-01
6.166666666666666824e-02 7.083333333333333148e-02 2.275000000000000078e-01 6.400000000000000133e-01
1.858333333333333226e-01 4.341666666666666452e-01 4.333333333333333481e-02 3.366666666666666696e-01
1.816666666666666707e-01 2.208333333333333259e-01 3.491666666666666807e-01 2.483333333333333226e-01
5.666666666666666380e-02 4.174999999999999822e-01 5.041666666666666519e-01 2.166666666666666741e-02
6.949999999999999512e-01 9.500000000000000111e-02 7.916666666666666297e-02 1.308333333333333293e-01
6.975000000000000089e-01 1.083333333333333370e-01 8.583333333333333093e-02 1.083333333333333370e-01
