4.499999999999999833e-02 1.466666666666666674e-01 5.383333333333333304e-01 2.700000000000000178e-01
1.733333333333333393e-01 4.675000000000000266e-01 1.774999999999999911e-01 1.816666666666666707e-01
4.074999999999999734e-01 3.908333333333333104e-01 5.333333333333333676e-02 1.483333333333333448e-01
2.008333333333333359e-01 4.258333333333333415e-01 1.608333333333333282e-01 2.124999999999999944e-01
4.091666666666666785e-01 3.583333333333333509e-02 4.583333333333333010e-02 5.091666666666666563e-01
1.508333333333333470e-01 4.400000000000000022e-01 3.708333333333333481e-01 3.833333333333333037e-02
4.958333333333333481e-01 1.824999999999999956e-01 2.816666666666666763e-01 4.000000000000000083e-02
4.749999999999999778e-01 2.416666666666666616e-02 2.449999999999999956e-01 2.558333333333333570e-01
2.666666666666666630e-01 6.333333333333333870e-02 2.916666666666666852e-01 3.783333333333333548e-01
1.275000000000000022e-01 4.441666666666666541e-01 2.025000000000000133e-01 2.258333333333333304e-01
5.716666666666666563e-01 3.200000000000000067e-01 8.833333333333333315e-02 2.000000000000000042e-02
4.783333333333333326e-01 1.858333333333333226e-01 8.166666666666666519e-02 2.541666666666666519e-01
1.458333333333333426e-01 3.674999999999999933e-01 1.524999999999999967e-01 3.341666666666666674e-01
1.566666666666666763e-01 1.583333333333333259e-01 6.175000000000000488e-01 6.750000000000000444e-02
1.041666666666666713e-01 1.833333333333333204e-01 4.575000000000000178e-01 2.550000000000000044e-01
8.916666666666667185e-02 5.374999999999999778e-01 3.183333333333333570e-01 5.500000000000000028e-02
2.424999999999999933e-01 4.458333333333333592e-01 2.908333333333333326e-01 2.083333333333333218e-02
5.574999999999999956e-01 2.308333333333333348e-01 1.424999999999999878e-01 6.916666666666666796e-02
3.749999999999999861e-02 1.041666666666666713e-01 7.166666666666666741e-01 1.416666666666666630e-01
4.583333333333333010e-02 2.349999999999999867e-01 5.108333333333333615e-01 2.083333333333333426e-01
9.833333333333332815e-02 9.416666666666666241e-02 4.899999999999999911e-01 3.175000000000000044e-01
1.991666666666666585e-01 1.000000000000000056e-01 3.524999999999999800e-01 3.483333333333333282e-01
