1.491666666666666696e-01 1.691666666666666596e-01 5.616666666666666474e-01 1.199999999999999956e-01
2.358333333333333393e-01 1.166666666666666685e-01 2.824999999999999734e-01 3.649999999999999911e-01
3.916666666666666630e-01 7.000000000000000666e-02 3.533333333333333326e-01 1.849999999999999978e-01
6.333333333333333870e-02 9.833333333333332815e-02 7.449999999999999956e-01 9.333333333333333759e-02
2.016666666666666607e-01 3.900000000000000133e-01 2.808333333333333237e-01 1.275000000000000022e-01
3.458333333333333259e-01 1.191666666666666707e-01 4.091666666666666785e-01 1.258333333333333248e-01
3.941666666666666652e-01 1.183333333333333320e-01 3.058333333333333459e-01 1.816666666666666707e-01
2.333333333333333440e-02 5.733333333333333615e-01 2.308333333333333348e-01 1.724999999999999867e-01
2.016666666666666607e-01 4.833333333333333232e-02 3.791666666666666519e-01 3.708333333333333481e-01
9.666666666666666463e-02 1.166666666666666685e-01 1.108333333333333393e-01 6.758333333333332860e-01
3.683333333333333459e-01 1.733333333333333393e-01 3.966666666666666674e-01 6.166666666666666824e-02
3.708333333333333481e-01 1.758333333333333415e-01 3.433333333333333237e-01 1.100000000000000006e-01
1.783333333333333437e-01 6.583333333333332704e-02 7.091666666666666119e-01 4.666666666666666879e-02
1.866666666666666752e-01 5.416666666666666852e-02 5.583333333333333204e-02 7.033333333333333659e-01
6.166666666666666824e-02 3.258333333333333082e-01 1.066666666666666735e-01 5.058333333333333570e-01
3.383333333333333193e-01 1.508333333333333470e-01 4.066666666666666763e-01 1.041666666666666713e-01
2.149999999999999967e-01 4.233333333333333393e-01 2.783333333333333215e-01 8.333333333333332871e-02
2.600000000000000089e-01 4.149999999999999800e-01 2.124999999999999944e-01 1.125000000000000028e-01
2.108333333333333448e-01 3.416666666666666463e-02 2.583333333333333592e-01 4.966666666666666452e-01
1.033333333333333326e-01 4.600000000000000200e-01 1.633333333333333304e-01 2.733333333333333171e-01
2.200000000000000011e-01 2.316666666666666596e-01 4.000000000000000222e-01 1.483333333333333448e-01
1.158333333333333298e-01 5.374999999999999778e-01 3.666666666666666685e-02 3.099999999999999978e-01
