1.049999999999999961e-01 8.091666666666667007e-01 2.000000000000000042e-02 6.583333333333332704e-02
2.516666666666666496e-01 2.849999999999999756e-01 8.916666666666667185e-02 3.741666666666666474e-01
2.666666666666666838e-02 2.000000000000000042e-02 5.450000000000000400e-01 4.083333333333333259e-01
4.291666666666666408e-01 1.108333333333333393e-01 2.983333333333333393e-01 1.616666666666666530e-01
4.116666666666666807e-01 3.175000000000000044e-01 3.416666666666666463e-02 2.366666666666666641e-01
1.766666666666666663e-01 6.899999999999999467e-01 9.916666666666666685e-02 3.416666666666666463e-02
2.858333333333333282e-01 2.483333333333333226e-01 2.741666666666666696e-01 1.916666666666666796e-01
2.241666666666666530e-01 1.150000000000000050e-01 3.200000000000000067e-01 3.408333333333333215e-01
1.166666666666666685e-01 3.758333333333333526e-01 2.783333333333333215e-01 2.291666666666666574e-01
2.658333333333333104e-01 2.899999999999999800e-01 2.308333333333333348e-01 2.133333333333333470e-01
1.033333333333333326e-01 1.849999999999999978e-01 1.483333333333333448e-01 5.633333333333333526e-01
1.683333333333333348e-01 1.400000000000000133e-01 7.583333333333333592e-02 6.158333333333333437e-01
2.291666666666666574e-01 1.866666666666666752e-01 3.658333333333333437e-01 2.183333333333333237e-01
7.499999999999999722e-03 4.550000000000000155e-01 3.833333333333333592e-01 1.541666666666666741e-01
5.258333333333333748e-01 1.908333333333333270e-01 5.916666666666666602e-02 2.241666666666666530e-01
4.983333333333333504e-01 7.916666666666666297e-02 1.683333333333333348e-01 2.541666666666666519e-01
7.249999999999999500e-02 1.675000000000000100e-01 4.699999999999999734e-01 2.899999999999999800e-01
1.366666666666666585e-01 2.883333333333333304e-01 5.474999999999999867e-01 2.750000000000000014e-02
2.808333333333333237e-01 2.583333333333333315e-02 1.683333333333333348e-01 5.250000000000000222e-01
2.791666666666666741e-01 2.766666666666666718e-01 1.774999999999999911e-01 2.666666666666666630e-01
6.850000000000000533e-01 5.666666666666666380e-02 2.091666666666666674e-01 4.916666666666666408e-02
3.624999999999999889e-01 1.325000000000000067e-01 2.666666666666666630e-01 2.383333333333333415e-01
