1.483333333333333448e-01 7.516666666666667052e-01 4.166666666666666435e-02 5.833333333333333426e-02
1.558333333333333237e-01 1.474999999999999922e-01 2.091666666666666674e-01 4.874999999999999889e-01
1.283333333333333270e-01 2.691666666666666652e-01 5.133333333333333082e-01 8.916666666666667185e-02
4.108333333333333282e-01 1.658333333333333326e-01 1.325000000000000067e-01 2.908333333333333326e-01
1.091666666666666619e-01 2.316666666666666596e-01 2.583333333333333592e-01 4.008333333333333193e-01
7.541666666666666519e-01 2.500000000000000139e-02 1.916666666666666519e-02 2.016666666666666607e-01
2.366666666666666641e-01 3.666666666666666685e-02 4.650000000000000244e-01 2.616666666666666585e-01
2.600000000000000089e-01 4.783333333333333326e-01 2.666666666666666838e-02 2.349999999999999867e-01
1.774999999999999911e-01 1.058333333333333348e-01 3.908333333333333104e-01 3.258333333333333082e-01
2.750000000000000014e-02 3.599999999999999867e-01 3.016666666666666941e-01 3.108333333333333504e-01
2.166666666666666741e-01 1.524999999999999967e-01 6.241666666666666474e-01 6.666666666666667095e-03
5.000000000000000278e-02 3.291666666666666630e-01 5.916666666666666602e-02 5.616666666666666474e-01
4.841666666666666896e-01 4.916666666666666408e-02 2.783333333333333215e-01 1.883333333333333248e-01
2.883333333333333304e-01 1.849999999999999978e-01 2.033333333333333381e-01 3.233333333333333059e-01
9.166666666666666019e-02 5.191666666666666652e-01 2.424999999999999933e-01 1.466666666666666674e-01
2.225000000000000033e-01 2.899999999999999800e-01 3.599999999999999867e-01 1.275000000000000022e-01
1.016666666666666691e-01 2.583333333333333592e-01 3.491666666666666807e-01 2.908333333333333326e-01
3.749999999999999861e-02 7.225000000000000311e-01 7.749999999999999944e-02 1.625000000000000056e-01
3.900000000000000133e-01 3.041666666666666408e-01 6.416666666666666352e-02 2.416666666666666685e-01
2.616666666666666585e-01 2.633333333333333082e-01 1.233333333333333365e-01 3.516666666666666829e-01
3.866666666666666585e-01 1.516666666666666718e-01 4.333333333333333481e-02 4.183333333333333348e-01
