1.808333333333333459e-01 1.908333333333333270e-01 5.458333333333332815e-01 8.250000000000000389e-02
9.583333333333333981e-02 1.966666666666666563e-01 6.600000000000000311e-01 4.750000000000000056e-02
1.383333333333333359e-01 6.633333333333333304e-01 1.191666666666666707e-01 7.916666666666666297e-02
1.975000000000000089e-01 1.466666666666666674e-01 4.799999999999999822e-01 1.758333333333333415e-01
3.400000000000000244e-01 4.741666666666666807e-01 5.666666666666666380e-02 1.291666666666666796e-01
3.916666666666666630e-01 1.774999999999999911e-01 3.749999999999999861e-02 3.933333333333333126e-01
6.666666666666667095e-03 6.391666666666666607e-01 2.633333333333333082e-01 9.083333333333333537e-02
2.474999999999999978e-01 4.258333333333333415e-01 1.975000000000000089e-01 1.291666666666666796e-01
6.750000000000000444e-02 3.283333333333333104e-01 3.216666666666666563e-01 2.824999999999999734e-01
4.199999999999999845e-01 9.249999999999999889e-02 1.691666666666666596e-01 3.183333333333333570e-01
3.666666666666666408e-01 3.250000000000000111e-02 3.866666666666666585e-01 2.141666666666666718e-01
2.949999999999999845e-01 3.291666666666666630e-01 1.591666666666666785e-01 2.166666666666666741e-01
2.325000000000000122e-01 8.916666666666667185e-02 3.591666666666666896e-01 3.191666666666666541e-01
4.916666666666666408e-01 2.583333333333333315e-02 4.333333333333333481e-02 4.391666666666666496e-01
2.408333333333333437e-01 1.766666666666666663e-01 1.841666666666666730e-01 3.983333333333333171e-01
4.041666666666666741e-01 9.916666666666666685e-02 5.500000000000000028e-02 4.416666666666666519e-01
7.524999999999999467e-01 2.916666666666666713e-02 4.000000000000000083e-02 1.783333333333333437e-01
2.633333333333333082e-01 2.141666666666666718e-01 1.133333333333333276e-01 4.091666666666666785e-01
