3.583333333333333509e-02 3.875000000000000111e-01 1.991666666666666585e-01 3.775000000000000022e-01
1.908333333333333270e-01 7.083333333333333148e-02 3.166666666666666519e-01 4.216666666666666896e-01
2.966666666666666896e-01 1.424999999999999878e-01 5.116666666666667140e-01 4.916666666666666408e-02
6.083333333333333648e-02 2.525000000000000022e-01 5.516666666666666385e-01 1.350000000000000089e-01
7.499999999999999722e-02 2.491666666666666752e-01 5.241666666666666696e-01 1.516666666666666718e-01
2.149999999999999967e-01 1.975000000000000089e-01 3.850000000000000089e-01 2.025000000000000133e-01
2.141666666666666718e-01 4.241666666666666918e-01 1.191666666666666707e-01 2.424999999999999933e-01
2.999999999999999889e-01 4.066666666666666763e-01 1.766666666666666663e-01 1.166666666666666685e-01
1.358333333333333337e-01 3.833333333333333037e-02 1.333333333333333315e-01 6.925000000000000044e-01
7.416666666666667240e-02 5.141666666666666607e-01 1.333333333333333315e-01 2.783333333333333215e-01
1.808333333333333459e-01 8.250000000000000389e-02 7.166666666666666741e-01 2.000000000000000042e-02
3.083333333333333481e-01 5.600000000000000533e-01 6.333333333333333870e-02 6.833333333333332926e-02
2.166666666666666741e-01 8.749999999999999445e-02 2.124999999999999944e-01 4.833333333333333370e-01
3.583333333333333509e-02 3.074999999999999956e-01 5.833333333333333426e-02 5.983333333333333837e-01
3.916666666666666907e-02 2.216666666666666785e-01 3.074999999999999956e-01 4.316666666666666430e-01
5.050000000000000044e-01 2.491666666666666752e-01 5.500000000000000028e-02 1.908333333333333270e-01
2.083333333333333426e-01 3.916666666666666630e-01 1.366666666666666585e-01 2.633333333333333082e-01
2.083333333333333426e-01 9.833333333333332815e-02 6.308333333333333570e-01 6.250000000000000000e-02
3.099999999999999978e-01 2.333333333333333370e-01 2.308333333333333348e-01 2.258333333333333304e-01
7.499999999999999722e-02 2.116666666666666696e-01 5.474999999999999867e-01 1.658333333333333326e-01
7.333333333333333370e-02 3.341666666666666674e-01 2.258333333333333304e-01 3.666666666666666408e-01
1.283333333333333270e-01 2.949999999999999845e-01 1.066666666666666735e-01 4.699999999999999734e-01
4.025000000000000244e-01 1.108333333333333393e-01 4.208333333333333370e-01 6.583333333333332704e-02
