1.275000000000000022e-01 2.308333333333333348e-01 5.391666666666666829e-01 1.024999999999999939e-01
2.000000000000000042e-02 1.174999999999999933e-01 6.566666666666666208e-01 2.058333333333333404e-01
2.191666666666666763e-01 3.741666666666666474e-01 3.300000000000000155e-01 7.666666666666666075e-02
2.566666666666666541e-01 1.991666666666666585e-01 3.325000000000000178e-01 2.116666666666666696e-01
3.916666666666666630e-01 2.099999999999999922e-01 1.008333333333333304e-01 2.974999999999999867e-01
1.400000000000000133e-01 4.266666666666666941e-01 1.608333333333333282e-01 2.725000000000000200e-01
6.533333333333333215e-01 1.333333333333333315e-01 2.041666666666666630e-01 9.166666666666666713e-03
2.466666666666666730e-01 3.316666666666666652e-01 4.166666666666666435e-02 3.800000000000000044e-01
4.716666666666666785e-01 2.800000000000000266e-01 9.666666666666666463e-02 1.516666666666666718e-01
9.166666666666666019e-02 2.000000000000000111e-01 2.766666666666666718e-01 4.316666666666666430e-01
1.975000000000000089e-01 3.958333333333333148e-01 1.258333333333333248e-01 2.808333333333333237e-01
2.791666666666666741e-01 5.666666666666666380e-02 4.650000000000000244e-01 1.991666666666666585e-01
7.833333333333333814e-02 5.333333333333333676e-02 5.424999999999999822e-01 3.258333333333333082e-01
1.375000000000000111e-01 6.508333333333333748e-01 5.583333333333333204e-02 1.558333333333333237e-01
2.174999999999999989e-01 1.341666666666666563e-01 2.924999999999999822e-01 3.558333333333333348e-01
3.591666666666666896e-01 3.833333333333333037e-02 5.424999999999999822e-01 5.999999999999999778e-02
2.416666666666666685e-01 2.750000000000000014e-02 3.408333333333333215e-01 3.900000000000000133e-01
1.066666666666666735e-01 2.808333333333333237e-01 5.941666666666666208e-01 1.833333333333333343e-02
1.683333333333333348e-01 2.758333333333333193e-01 6.750000000000000444e-02 4.883333333333333415e-01
6.833333333333332926e-02 1.858333333333333226e-01 2.233333333333333282e-01 5.224999999999999645e-01
1.683333333333333348e-01 1.666666666666666574e-01 5.008333333333333526e-01 1.641666666666666552e-01
1.058333333333333348e-01 4.491666666666666585e-01 4.149999999999999800e-01 2.999999999999999889e-02
