4.341666666666666452e-01 1.900000000000000022e-01 2.500000000000000139e-02 3.508333333333333304e-01
2.550000000000000044e-01 5.424999999999999822e-01 1.774999999999999911e-01 2.500000000000000139e-02
2.000000000000000111e-01 4.000000000000000083e-02 3.433333333333333237e-01 4.166666666666666852e-01
2.791666666666666741e-01 1.166666666666666720e-02 4.466666666666666563e-01 2.625000000000000111e-01
6.500000000000000222e-02 2.099999999999999922e-01 1.016666666666666691e-01 6.233333333333332948e-01
4.750000000000000056e-02 2.141666666666666718e-01 1.891666666666666774e-01 5.491666666666666918e-01
3.758333333333333526e-01 7.083333333333333148e-02 3.425000000000000266e-01 2.108333333333333448e-01
1.308333333333333293e-01 1.366666666666666585e-01 1.758333333333333415e-01 5.566666666666666430e-01
3.191666666666666541e-01 2.916666666666666852e-01 2.991666666666666918e-01 8.999999999999999667e-02
2.316666666666666596e-01 1.066666666666666735e-01 1.991666666666666585e-01 4.625000000000000222e-01
5.083333333333333037e-01 1.074999999999999983e-01 2.166666666666666741e-01 1.675000000000000100e-01
2.008333333333333359e-01 4.858333333333333393e-01 1.008333333333333304e-01 2.124999999999999944e-01
1.908333333333333270e-01 2.666666666666666630e-01 2.775000000000000244e-01 2.650000000000000133e-01
2.558333333333333570e-01 2.550000000000000044e-01 7.666666666666666075e-02 4.124999999999999778e-01
3.566666666666666874e-01 2.091666666666666674e-01 3.391666666666666718e-01 9.500000000000000111e-02
3.458333333333333259e-01 2.500000000000000139e-02 1.424999999999999878e-01 4.866666666666666918e-01
9.916666666666666685e-02 1.900000000000000022e-01 6.441666666666666652e-01 6.666666666666666574e-02
3.333333333333333287e-02 5.933333333333333792e-01 2.999999999999999889e-01 7.333333333333333370e-02
1.741666666666666641e-01 1.950000000000000067e-01 4.974999999999999978e-01 1.333333333333333315e-01
3.616666666666666918e-01 1.916666666666666519e-02 2.283333333333333326e-01 3.908333333333333104e-01
1.808333333333333459e-01 4.133333333333333304e-01 3.091666666666666452e-01 9.666666666666666463e-02
3.833333333333333592e-01 1.033333333333333326e-01 4.791666666666666852e-01 3.416666666666666463e-02
1.616666666666666530e-01 1.433333333333333404e-01 4.291666666666666408e-01 2.658333333333333104e-01
