3.200000000000000067e-01 1.258333333333333248e-01 3.166666666666666935e-02 5.224999999999999645e-01
4.916666666666666408e-02 1.433333333333333404e-01 1.033333333333333326e-01 7.041666666666667185e-01
1.449999999999999900e-01 1.883333333333333248e-01 2.333333333333333370e-01 4.333333333333333481e-01
3.591666666666666896e-01 2.691666666666666652e-01 1.958333333333333315e-01 1.758333333333333415e-01
5.208333333333333703e-01 3.241666666666666585e-01 6.083333333333333648e-02 9.416666666666666241e-02
1.766666666666666663e-01 5.174999999999999600e-01 1.908333333333333270e-01 1.150000000000000050e-01
3.900000000000000133e-01 1.541666666666666741e-01 2.550000000000000044e-01 2.008333333333333359e-01
4.283333333333333437e-01 2.083333333333333426e-01 1.441666666666666652e-01 2.191666666666666763e-01
6.166666666666666824e-02 3.250000000000000111e-02 4.583333333333333148e-01 4.475000000000000089e-01
3.016666666666666941e-01 3.866666666666666585e-01 2.358333333333333393e-01 7.583333333333333592e-02
3.141666666666666496e-01 1.891666666666666774e-01 4.066666666666666763e-01 8.999999999999999667e-02
4.166666666666666435e-02 3.566666666666666874e-01 3.891666666666666607e-01 2.124999999999999944e-01
5.333333333333333676e-02 1.833333333333333343e-02 2.516666666666666496e-01 6.766666666666666385e-01
2.374999999999999889e-01 1.316666666666666541e-01 4.158333333333333326e-01 2.149999999999999967e-01
6.999999999999999556e-01 1.041666666666666713e-01 3.666666666666666685e-02 1.591666666666666785e-01
1.824999999999999956e-01 3.491666666666666807e-01 3.391666666666666718e-01 1.291666666666666796e-01
7.916666666666666297e-02 3.225000000000000089e-01 4.541666666666666630e-01 1.441666666666666652e-01
1.058333333333333348e-01 6.274999999999999467e-01 2.066666666666666652e-01 5.999999999999999778e-02
1.366666666666666585e-01 6.350000000000000089e-01 1.733333333333333393e-01 5.500000000000000028e-02
5.816666666666666652e-01 1.391666666666666607e-01 2.424999999999999933e-01 3.666666666666666685e-02
8.083333333333332649e-02 1.549999999999999989e-01 3.091666666666666452e-01 4.550000000000000155e-01
3.800000000000000044e-01 1.925000000000000044e-01 2.083333333333333426e-01 2.191666666666666763e-01
