1.900000000000000022e-01 8.333333333333332871e-02 5.166666666666666630e-02 6.750000000000000444e-01
4.083333333333333259e-02 1.858333333333333226e-01 5.783333333333333659e-01 1.950000000000000067e-01
2.416666666666666685e-01 2.383333333333333415e-01 1.133333333333333276e-01 4.066666666666666763e-01
6.358333333333333615e-01 2.108333333333333448e-01 9.500000000000000111e-02 5.833333333333333426e-02
5.591666666666667007e-01 1.633333333333333304e-01 4.083333333333333259e-02 2.366666666666666641e-01
3.599999999999999867e-01 2.591666666666666563e-01 2.241666666666666530e-01 1.566666666666666763e-01
6.216666666666667007e-01 1.325000000000000067e-01 4.000000000000000083e-02 2.058333333333333404e-01
8.583333333333333093e-02 3.850000000000000089e-01 2.016666666666666607e-01 3.275000000000000133e-01
5.666666666666666380e-02 3.408333333333333215e-01 3.858333333333333059e-01 2.166666666666666741e-01
1.708333333333333370e-01 2.141666666666666718e-01 1.933333333333333293e-01 4.216666666666666896e-01
2.141666666666666718e-01 3.508333333333333304e-01 4.058333333333333237e-01 2.916666666666666713e-02
9.333333333333333759e-02 9.416666666666666241e-02 2.500000000000000139e-02 7.874999999999999778e-01
1.783333333333333437e-01 1.774999999999999911e-01 6.208333333333333481e-01 2.333333333333333440e-02
1.416666666666666630e-01 1.991666666666666585e-01 2.891666666666666829e-01 3.699999999999999956e-01
3.649999999999999911e-01 1.991666666666666585e-01 3.141666666666666496e-01 1.216666666666666730e-01
2.775000000000000244e-01 1.591666666666666785e-01 4.766666666666666829e-01 8.666666666666666963e-02
5.424999999999999822e-01 8.083333333333332649e-02 7.499999999999999722e-02 3.016666666666666941e-01
1.641666666666666552e-01 6.016666666666666829e-01 6.750000000000000444e-02 1.666666666666666574e-01
1.950000000000000067e-01 1.600000000000000033e-01 4.933333333333333459e-01 1.516666666666666718e-01
3.499999999999999778e-01 2.049999999999999878e-01 3.024999999999999911e-01 1.424999999999999878e-01
4.625000000000000222e-01 1.675000000000000100e-01 2.241666666666666530e-01 1.458333333333333426e-01
