5.000000000000000278e-02 1.474999999999999922e-01 4.475000000000000089e-01 3.549999999999999822e-01
2.991666666666666918e-01 4.691666666666666763e-01 1.083333333333333370e-01 1.233333333333333365e-01
3.758333333333333526e-01 1.724999999999999867e-01 3.099999999999999978e-01 1.416666666666666630e-01
4.416666666666666657e-02 9.166666666666666019e-02 1.991666666666666585e-01 6.650000000000000355e-01
2.999999999999999889e-01 1.449999999999999900e-01 2.291666666666666574e-01 3.258333333333333082e-01
3.474999999999999756e-01 2.141666666666666718e-01 9.083333333333333537e-02 3.474999999999999756e-01
4.699999999999999734e-01 6.416666666666666352e-02 2.200000000000000011e-01 2.458333333333333204e-01
4.258333333333333415e-01 4.833333333333333232e-02 2.700000000000000178e-01 2.558333333333333570e-01
1.758333333333333415e-01 5.024999999999999467e-01 2.733333333333333171e-01 4.833333333333333232e-02
2.583333333333333315e-02 4.183333333333333348e-01 1.933333333333333293e-01 3.624999999999999889e-01
1.275000000000000022e-01 8.833333333333333315e-02 5.024999999999999467e-01 2.816666666666666763e-01
1.325000000000000067e-01 1.024999999999999939e-01 2.691666666666666652e-01 4.958333333333333481e-01
1.083333333333333370e-02 1.316666666666666541e-01 1.325000000000000067e-01 7.249999999999999778e-01
2.441666666666666707e-01 2.616666666666666585e-01 2.416666666666666685e-01 2.525000000000000022e-01
5.616666666666666474e-01 4.499999999999999833e-02 2.200000000000000011e-01 1.733333333333333393e-01
9.750000000000000333e-02 1.041666666666666713e-01 5.150000000000000133e-01 2.833333333333333259e-01
1.499999999999999944e-01 1.166666666666666685e-01 5.666666666666666519e-01 1.666666666666666574e-01
2.558333333333333570e-01 2.916666666666666713e-02 1.966666666666666563e-01 5.183333333333333126e-01
2.650000000000000133e-01 5.216666666666666119e-01 1.174999999999999933e-01 9.583333333333333981e-02
8.916666666666667185e-02 6.908333333333332993e-01 1.816666666666666707e-01 3.833333333333333037e-02
1.816666666666666707e-01 5.474999999999999867e-01 1.375000000000000111e-01 1.333333333333333315e-01
1.458333333333333426e-01 1.375000000000000111e-01 4.724999999999999756e-01 2.441666666666666707e-01
2.058333333333333404e-01 1.100000000000000006e-01 2.325000000000000122e-01 4.516666666666666607e-01
