5.658333333333332993e-01 3.483333333333333282e-01 7.166666666666667018e-02 1.416666666666666595e-02
1.575000000000000011e-01 6.766666666666666385e-01 7.083333333333333148e-02 9.500000000000000111e-02
3.416666666666666463e-02 2.949999999999999845e-01 5.150000000000000133e-01 1.558333333333333237e-01
4.499999999999999833e-02 6.333333333333333037e-01 2.033333333333333381e-01 1.183333333333333320e-01
8.500000000000000611e-02 1.966666666666666563e-01 5.749999999999999556e-01 1.433333333333333404e-01
2.824999999999999734e-01 2.099999999999999922e-01 1.791666666666666685e-01 3.283333333333333104e-01
3.549999999999999822e-01 8.833333333333333315e-02 3.083333333333333412e-02 5.258333333333333748e-01
2.383333333333333415e-01 2.383333333333333415e-01 2.308333333333333348e-01 2.924999999999999822e-01
5.016666666666667052e-01 1.333333333333333419e-02 1.616666666666666530e-01 3.233333333333333059e-01
2.591666666666666563e-01 5.649999999999999467e-01 1.166666666666666720e-02 1.641666666666666552e-01
1.841666666666666730e-01 1.591666666666666785e-01 2.575000000000000067e-01 3.991666666666666696e-01
3.266666666666666607e-01 1.758333333333333415e-01 3.491666666666666807e-01 1.483333333333333448e-01
2.083333333333333218e-02 3.400000000000000244e-01 5.000000000000000000e-01 1.391666666666666607e-01
9.083333333333333537e-02 2.383333333333333415e-01 1.591666666666666785e-01 5.116666666666667140e-01
2.608333333333333059e-01 2.341666666666666619e-01 3.858333333333333059e-01 1.191666666666666707e-01
1.966666666666666563e-01 3.191666666666666541e-01 2.533333333333333548e-01 2.308333333333333348e-01
2.166666666666666741e-01 4.958333333333333481e-01 1.375000000000000111e-01 1.499999999999999944e-01
3.583333333333333509e-02 6.149999999999999911e-01 3.225000000000000089e-01 2.666666666666666838e-02
6.133333333333332860e-01 9.333333333333333759e-02 2.750000000000000014e-02 2.658333333333333104e-01
4.074999999999999734e-01 8.250000000000000389e-02 2.225000000000000033e-01 2.874999999999999778e-01
2.266666666666666552e-01 3.866666666666666585e-01 2.758333333333333193e-01 1.108333333333333393e-01
2.583333333333333315e-02 2.491666666666666752e-01 1.741666666666666641e-01 5.508333333333332860e-01
