7.491666666666666474e-01 1.166666666666666720e-02 1.208333333333333343e-01 1.183333333333333320e-01
2.791666666666666741e-01 3.008333333333333415e-01 2.025000000000000133e-01 2.174999999999999989e-01
1.199999999999999956e-01 5.750000000000000250e-02 6.916666666666666519e-01 1.308333333333333293e-01
9.666666666666666463e-02 4.099999999999999756e-01 2.816666666666666763e-01 2.116666666666666696e-01
3.491666666666666807e-01 8.749999999999999445e-02 7.916666666666666297e-02 4.841666666666666896e-01
3.666666666666666408e-01 3.666666666666666685e-02 5.241666666666666696e-01 7.249999999999999500e-02
1.983333333333333337e-01 3.258333333333333082e-01 1.241666666666666613e-01 3.516666666666666829e-01
3.825000000000000067e-01 3.474999999999999756e-01 2.000000000000000111e-01 7.000000000000000666e-02
4.116666666666666807e-01 1.083333333333333370e-02 1.700000000000000122e-01 4.074999999999999734e-01
2.558333333333333570e-01 3.491666666666666807e-01 6.750000000000000444e-02 3.275000000000000133e-01
4.383333333333333526e-01 6.333333333333333870e-02 1.566666666666666763e-01 3.416666666666666741e-01
5.000000000000000278e-02 6.824999999999999956e-01 8.000000000000000167e-02 1.875000000000000000e-01
2.675000000000000155e-01 2.333333333333333370e-01 2.074999999999999900e-01 2.916666666666666852e-01
2.958333333333333370e-01 2.416666666666666685e-01 3.716666666666666452e-01 9.083333333333333537e-02
1.566666666666666763e-01 4.966666666666666452e-01 2.208333333333333259e-01 1.258333333333333248e-01
9.666666666666666463e-02 2.700000000000000178e-01 5.466666666666666341e-01 8.666666666666666963e-02
1.983333333333333337e-01 1.116666666666666641e-01 6.066666666666666874e-01 8.333333333333332871e-02
4.625000000000000222e-01 2.208333333333333259e-01 1.675000000000000100e-01 1.491666666666666696e-01
1.424999999999999878e-01 5.091666666666666563e-01 2.725000000000000200e-01 7.583333333333333592e-02
6.450000000000000178e-01 6.666666666666666574e-02 1.541666666666666741e-01 1.341666666666666563e-01
