1.508333333333333470e-01 7.083333333333333148e-02 2.483333333333333226e-01 5.300000000000000266e-01
4.650000000000000244e-01 3.350000000000000200e-01 5.750000000000000250e-02 1.424999999999999878e-01
3.749999999999999861e-02 1.174999999999999933e-01 4.866666666666666918e-01 3.583333333333333370e-01
1.566666666666666763e-01 6.183333333333332904e-01 1.749999999999999889e-01 5.000000000000000278e-02
4.216666666666666896e-01 2.441666666666666707e-01 5.333333333333333676e-02 2.808333333333333237e-01
3.691666666666666430e-01 3.958333333333333148e-01 7.749999999999999944e-02 1.575000000000000011e-01
2.466666666666666730e-01 2.174999999999999989e-01 2.516666666666666496e-01 2.841666666666666785e-01
3.900000000000000133e-01 6.666666666666666574e-02 1.224999999999999978e-01 4.208333333333333370e-01
1.566666666666666763e-01 2.841666666666666785e-01 4.625000000000000222e-01 9.666666666666666463e-02
5.391666666666666829e-01 7.083333333333333148e-02 3.533333333333333326e-01 3.666666666666666685e-02
1.991666666666666585e-01 5.391666666666666829e-01 7.249999999999999500e-02 1.891666666666666774e-01
2.308333333333333348e-01 9.333333333333333759e-02 2.808333333333333237e-01 3.950000000000000178e-01
4.650000000000000244e-01 1.716666666666666619e-01 2.166666666666666741e-01 1.466666666666666674e-01
2.924999999999999822e-01 3.499999999999999778e-01 1.024999999999999939e-01 2.550000000000000044e-01
2.266666666666666552e-01 1.841666666666666730e-01 4.174999999999999822e-01 1.716666666666666619e-01
3.791666666666666519e-01 2.483333333333333226e-01 2.891666666666666829e-01 8.333333333333332871e-02
4.833333333333333232e-02 1.141666666666666663e-01 5.725000000000000089e-01 2.650000000000000133e-01
5.791666666666667185e-01 1.783333333333333437e-01 1.666666666666666574e-01 7.583333333333333592e-02
2.491666666666666752e-01 4.250000000000000305e-02 4.266666666666666941e-01 2.816666666666666763e-01
2.133333333333333470e-01 1.583333333333333259e-01 5.916666666666666741e-01 3.666666666666666685e-02
1.441666666666666652e-01 5.500000000000000028e-02 1.883333333333333248e-01 6.125000000000000444e-01
7.000000000000000666e-02 4.933333333333333459e-01 3.750000000000000000e-01 6.166666666666666824e-02
