4.941666666666666430e-01 2.200000000000000011e-01 4.250000000000000305e-02 2.433333333333333459e-01
1.300000000000000044e-01 1.308333333333333293e-01 4.924999999999999933e-01 2.466666666666666730e-01
1.166666666666666720e-02 6.716666666666666341e-01 1.233333333333333365e-01 1.933333333333333293e-01
2.225000000000000033e-01 3.383333333333333193e-01 2.441666666666666707e-01 1.950000000000000067e-01
5.016666666666667052e-01 7.833333333333333814e-02 2.758333333333333193e-01 1.441666666666666652e-01
5.258333333333333748e-01 1.524999999999999967e-01 5.833333333333333426e-02 2.633333333333333082e-01
2.166666666666666741e-01 1.975000000000000089e-01 3.350000000000000200e-01 2.508333333333333526e-01
3.500000000000000333e-02 7.133333333333333748e-01 1.233333333333333365e-01 1.283333333333333270e-01
5.533333333333333437e-01 2.500000000000000139e-02 1.883333333333333248e-01 2.333333333333333370e-01
5.775000000000000133e-01 1.391666666666666607e-01 2.266666666666666552e-01 5.666666666666666380e-02
2.583333333333333592e-01 3.699999999999999956e-01 5.583333333333333204e-02 3.158333333333333548e-01
7.033333333333333659e-01 1.041666666666666713e-01 1.199999999999999956e-01 7.249999999999999500e-02
3.975000000000000200e-01 1.483333333333333448e-01 3.375000000000000222e-01 1.166666666666666685e-01
3.825000000000000067e-01 5.000000000000000278e-02 3.425000000000000266e-01 2.250000000000000056e-01
5.166666666666666630e-02 5.183333333333333126e-01 4.191666666666666874e-01 1.083333333333333370e-02
5.000000000000000104e-03 3.883333333333333082e-01 2.291666666666666574e-01 3.775000000000000022e-01
3.508333333333333304e-01 1.458333333333333426e-01 7.416666666666667240e-02 4.291666666666666408e-01
5.983333333333333837e-01 2.066666666666666652e-01 9.916666666666666685e-02 9.583333333333333981e-02
5.083333333333333037e-01 3.658333333333333437e-01 1.133333333333333276e-01 1.250000000000000069e-02
2.991666666666666918e-01 2.566666666666666541e-01 2.858333333333333282e-01 1.583333333333333259e-01
