7.333333333333333370e-02 5.083333333333333454e-02 8.333333333333332871e-02 7.924999999999999822e-01
2.516666666666666496e-01 2.083333333333333426e-01 2.383333333333333415e-01 3.016666666666666941e-01
1.849999999999999978e-01 3.108333333333333504e-01 1.991666666666666585e-01 3.049999999999999933e-01
5.958333333333333259e-01 7.499999999999999722e-02 1.024999999999999939e-01 2.266666666666666552e-01
7.866666666666666252e-01 7.499999999999999722e-02 9.833333333333332815e-02 4.000000000000000083e-02
1.133333333333333276e-01 6.274999999999999467e-01 1.650000000000000078e-01 9.416666666666666241e-02
8.749999999999999445e-02 9.750000000000000333e-02 6.691666666666666874e-01 1.458333333333333426e-01
1.758333333333333415e-01 8.916666666666667185e-02 6.191666666666666430e-01 1.158333333333333298e-01
4.250000000000000305e-02 6.808333333333332904e-01 1.600000000000000033e-01 1.166666666666666685e-01
1.791666666666666685e-01 4.199999999999999845e-01 2.349999999999999867e-01 1.658333333333333326e-01
6.750000000000000444e-01 1.125000000000000028e-01 7.749999999999999944e-02 1.350000000000000089e-01
2.974999999999999867e-01 1.916666666666666796e-01 3.066666666666666430e-01 2.041666666666666630e-01
7.749999999999999944e-02 9.166666666666666019e-02 5.174999999999999600e-01 3.133333333333333526e-01
1.199999999999999956e-01 3.333333333333333148e-01 2.833333333333333259e-01 2.633333333333333082e-01
6.416666666666666352e-02 8.666666666666666963e-02 2.300000000000000100e-01 6.191666666666666430e-01
4.799999999999999822e-01 2.391666666666666663e-01 1.749999999999999889e-01 1.058333333333333348e-01
2.458333333333333204e-01 5.466666666666666341e-01 5.833333333333333426e-02 1.491666666666666696e-01
3.175000000000000044e-01 5.725000000000000089e-01 3.416666666666666463e-02 7.583333333333333592e-02
4.441666666666666541e-01 1.866666666666666752e-01 5.750000000000000250e-02 3.116666666666666474e-01
5.758333333333333082e-01 7.166666666666667018e-02 1.524999999999999967e-01 2.000000000000000111e-01
