7.666666666666666075e-02 4.183333333333333348e-01 4.583333333333333010e-02 4.591666666666666674e-01
7.308333333333333348e-01 5.833333333333333599e-03 1.566666666666666763e-01 1.066666666666666735e-01
2.016666666666666607e-01 1.241666666666666613e-01 2.541666666666666519e-01 4.199999999999999845e-01
1.558333333333333237e-01 3.300000000000000155e-01 4.974999999999999978e-01 1.666666666666666644e-02
1.691666666666666596e-01 2.791666666666666741e-01 1.975000000000000089e-01 3.541666666666666852e-01
3.549999999999999822e-01 2.374999999999999889e-01 1.108333333333333393e-01 2.966666666666666896e-01
1.750000000000000167e-02 7.583333333333333592e-02 2.824999999999999734e-01 6.241666666666666474e-01
1.766666666666666663e-01 1.449999999999999900e-01 3.125000000000000000e-01 3.658333333333333437e-01
4.916666666666666408e-02 9.249999999999999889e-02 2.741666666666666696e-01 5.841666666666666119e-01
1.483333333333333448e-01 2.491666666666666752e-01 3.108333333333333504e-01 2.916666666666666852e-01
6.583333333333332704e-02 2.991666666666666918e-01 4.791666666666666852e-01 1.558333333333333237e-01
6.600000000000000311e-01 7.666666666666666075e-02 8.500000000000000611e-02 1.783333333333333437e-01
1.883333333333333248e-01 1.350000000000000089e-01 1.150000000000000050e-01 5.616666666666666474e-01
3.066666666666666430e-01 3.908333333333333104e-01 2.483333333333333226e-01 5.416666666666666852e-02
5.333333333333333676e-02 3.066666666666666430e-01 3.250000000000000111e-02 6.075000000000000400e-01
3.683333333333333459e-01 3.958333333333333148e-01 1.791666666666666685e-01 5.666666666666666380e-02
5.358333333333333837e-01 2.966666666666666896e-01 1.333333333333333419e-02 1.541666666666666741e-01
1.724999999999999867e-01 2.583333333333333592e-01 1.916666666666666796e-01 3.775000000000000022e-01
5.124999999999999556e-01 1.883333333333333248e-01 1.125000000000000028e-01 1.866666666666666752e-01
2.058333333333333404e-01 3.133333333333333526e-01 2.049999999999999878e-01 2.758333333333333193e-01
