2.083333333333333426e-01 1.474999999999999922e-01 5.383333333333333304e-01 1.058333333333333348e-01
2.641666666666666607e-01 1.700000000000000122e-01 1.383333333333333359e-01 4.274999999999999911e-01
2.775000000000000244e-01 1.158333333333333298e-01 6.016666666666666829e-01 5.000000000000000104e-03
4.733333333333333282e-01 4.191666666666666874e-01 9.833333333333332815e-02 9.166666666666666713e-03
2.716666666666666674e-01 3.841666666666666563e-01 2.374999999999999889e-01 1.066666666666666735e-01
4.199999999999999845e-01 2.083333333333333218e-02 2.550000000000000044e-01 3.041666666666666408e-01
3.358333333333333171e-01 3.183333333333333570e-01 2.424999999999999933e-01 1.033333333333333326e-01
1.583333333333333259e-01 1.241666666666666613e-01 4.575000000000000178e-01 2.600000000000000089e-01
4.216666666666666896e-01 2.733333333333333171e-01 1.233333333333333365e-01 1.816666666666666707e-01
1.375000000000000111e-01 1.266666666666666774e-01 6.783333333333333437e-01 5.750000000000000250e-02
1.291666666666666796e-01 4.016666666666666718e-01 4.625000000000000222e-01 6.666666666666667095e-03
1.891666666666666774e-01 1.341666666666666563e-01 1.675000000000000100e-01 5.091666666666666563e-01
2.608333333333333059e-01 4.124999999999999778e-01 1.116666666666666641e-01 2.149999999999999967e-01
1.341666666666666563e-01 5.716666666666666563e-01 2.775000000000000244e-01 1.666666666666666644e-02
3.375000000000000222e-01 1.691666666666666596e-01 3.416666666666666463e-02 4.591666666666666674e-01
4.191666666666666874e-01 1.533333333333333215e-01 2.049999999999999878e-01 2.225000000000000033e-01
1.925000000000000044e-01 5.933333333333333792e-01 1.216666666666666730e-01 9.249999999999999889e-02
8.916666666666667185e-02 1.633333333333333304e-01 2.241666666666666530e-01 5.233333333333333171e-01
8.250000000000000389e-02 7.499999999999999722e-02 3.950000000000000178e-01 4.475000000000000089e-01
1.083333333333333370e-01 1.866666666666666752e-01 4.983333333333333504e-01 2.066666666666666652e-01
7.133333333333333748e-01 7.000000000000000666e-02 1.849999999999999978e-01 3.166666666666666935e-02
