5.916666666666666602e-02 6.225000000000000533e-01 2.591666666666666563e-01 5.916666666666666602e-02
4.483333333333333059e-01 1.791666666666666685e-01 2.700000000000000178e-01 1.024999999999999939e-01
1.241666666666666613e-01 5.016666666666667052e-01 7.499999999999999722e-02 2.991666666666666918e-01
1.849999999999999978e-01 3.208333333333333592e-01 3.041666666666666408e-01 1.900000000000000022e-01
9.500000000000000111e-02 2.641666666666666607e-01 3.400000000000000244e-01 3.008333333333333415e-01
1.199999999999999956e-01 2.474999999999999978e-01 3.183333333333333570e-01 3.141666666666666496e-01
7.499999999999999722e-02 1.583333333333333467e-02 6.300000000000000044e-01 2.791666666666666741e-01
1.499999999999999944e-01 4.316666666666666430e-01 2.841666666666666785e-01 1.341666666666666563e-01
4.083333333333333259e-02 7.916666666666666297e-02 2.983333333333333393e-01 5.816666666666666652e-01
5.333333333333333676e-02 2.800000000000000266e-01 4.724999999999999756e-01 1.941666666666666541e-01
1.741666666666666641e-01 3.716666666666666452e-01 2.416666666666666616e-02 4.299999999999999933e-01
3.441666666666666763e-01 2.333333333333333440e-02 3.533333333333333326e-01 2.791666666666666741e-01
3.850000000000000089e-01 3.150000000000000022e-01 2.433333333333333459e-01 5.666666666666666380e-02
9.916666666666666685e-02 2.983333333333333393e-01 5.424999999999999822e-01 5.999999999999999778e-02
3.333333333333333148e-01 4.091666666666666785e-01 1.716666666666666619e-01 8.583333333333333093e-02
4.583333333333333010e-02 2.174999999999999989e-01 2.824999999999999734e-01 4.541666666666666630e-01
1.091666666666666619e-01 1.858333333333333226e-01 5.858333333333333171e-01 1.191666666666666707e-01
1.774999999999999911e-01 7.000000000000000666e-02 5.683333333333333570e-01 1.841666666666666730e-01
6.083333333333333648e-02 6.049999999999999822e-01 2.283333333333333326e-01 1.058333333333333348e-01
6.666666666666666574e-02 2.974999999999999867e-01 5.433333333333333348e-01 9.249999999999999889e-02
1.958333333333333315e-01 8.333333333333333218e-03 4.483333333333333059e-01 3.474999999999999756e-01
