7.108333333333333171e-01 1.216666666666666730e-01 6.750000000000000444e-02 1.000000000000000056e-01
1.708333333333333370e-01 1.125000000000000028e-01 5.775000000000000133e-01 1.391666666666666607e-01
6.583333333333332704e-02 7.416666666666667240e-02 5.583333333333333204e-02 8.041666666666666963e-01
2.016666666666666607e-01 1.791666666666666685e-01 3.791666666666666519e-01 2.399999999999999911e-01
1.958333333333333315e-01 4.233333333333333393e-01 1.908333333333333270e-01 1.900000000000000022e-01
7.483333333333332948e-01 7.333333333333333370e-02 7.749999999999999944e-02 1.008333333333333304e-01
7.491666666666666474e-01 1.024999999999999939e-01 5.833333333333333426e-02 8.999999999999999667e-02
6.083333333333333648e-02 7.399999999999999911e-01 1.108333333333333393e-01 8.833333333333333315e-02
1.291666666666666796e-01 9.166666666666666019e-02 6.833333333333333481e-01 9.583333333333333981e-02
1.783333333333333437e-01 1.408333333333333381e-01 5.100000000000000089e-01 1.708333333333333370e-01
1.100000000000000006e-01 6.583333333333333259e-01 1.000000000000000056e-01 1.316666666666666541e-01
1.950000000000000067e-01 3.825000000000000067e-01 1.783333333333333437e-01 2.441666666666666707e-01
7.166666666666666741e-01 8.416666666666666741e-02 1.125000000000000028e-01 8.666666666666666963e-02
2.541666666666666519e-01 1.900000000000000022e-01 3.666666666666666408e-01 1.891666666666666774e-01
1.950000000000000067e-01 1.691666666666666596e-01 5.008333333333333526e-01 1.350000000000000089e-01
1.749999999999999889e-01 3.841666666666666563e-01 2.308333333333333348e-01 2.099999999999999922e-01
1.474999999999999922e-01 1.400000000000000133e-01 1.549999999999999989e-01 5.574999999999999956e-01
4.849999999999999867e-01 2.033333333333333381e-01 1.741666666666666641e-01 1.375000000000000111e-01
1.474999999999999922e-01 6.041666666666666297e-01 9.083333333333333537e-02 1.575000000000000011e-01
1.100000000000000006e-01 7.141666666666666163e-01 1.058333333333333348e-01 7.000000000000000666e-02
6.066666666666666874e-01 1.358333333333333337e-01 1.083333333333333370e-01 1.491666666666666696e-01
5.816666666666666652e-01 1.375000000000000111e-01 1.600000000000000033e-01 1.208333333333333343e-01
