5.374999999999999778e-01 7.249999999999999500e-02 1.650000000000000078e-01 2.250000000000000056e-01
2.250000000000000056e-01 1.883333333333333248e-01 1.016666666666666691e-01 4.849999999999999867e-01
1.250000000000000000e-01 8.416666666666666741e-02 5.866666666666666696e-01 2.041666666666666630e-01
4.583333333333333148e-01 1.066666666666666735e-01 2.616666666666666585e-01 1.733333333333333393e-01
8.083333333333333481e-01 9.750000000000000333e-02 5.000000000000000278e-02 4.416666666666666657e-02
3.116666666666666474e-01 3.533333333333333326e-01 7.416666666666667240e-02 2.608333333333333059e-01
1.925000000000000044e-01 1.566666666666666763e-01 2.141666666666666718e-01 4.366666666666666474e-01
1.666666666666666574e-01 2.200000000000000011e-01 4.949999999999999956e-01 1.183333333333333320e-01
5.649999999999999467e-01 8.333333333333333218e-03 1.008333333333333304e-01 3.258333333333333082e-01
6.891666666666667052e-01 1.083333333333333370e-01 1.675000000000000100e-01 3.500000000000000333e-02
2.575000000000000067e-01 1.291666666666666796e-01 1.024999999999999939e-01 5.108333333333333615e-01
2.891666666666666829e-01 2.983333333333333393e-01 2.283333333333333326e-01 1.841666666666666730e-01
6.333333333333333870e-02 5.833333333333333703e-01 1.816666666666666707e-01 1.716666666666666619e-01
4.416666666666666657e-02 7.516666666666667052e-01 1.250000000000000000e-01 7.916666666666666297e-02
3.791666666666666519e-01 1.791666666666666685e-01 2.999999999999999889e-01 1.416666666666666630e-01
4.316666666666666430e-01 3.308333333333333126e-01 1.308333333333333293e-01 1.066666666666666735e-01
2.966666666666666896e-01 1.316666666666666541e-01 4.716666666666666785e-01 1.000000000000000056e-01
3.024999999999999911e-01 4.408333333333333548e-01 1.683333333333333348e-01 8.833333333333333315e-02
4.333333333333333481e-01 8.916666666666667185e-02 2.000000000000000111e-01 2.775000000000000244e-01
2.275000000000000078e-01 1.233333333333333365e-01 4.083333333333333259e-02 6.083333333333332815e-01
