1.383333333333333359e-01 5.583333333333333204e-02 1.866666666666666752e-01 6.191666666666666430e-01
5.083333333333333037e-01 3.083333333333333412e-02 1.441666666666666652e-01 3.166666666666666519e-01
8.333333333333332871e-02 2.116666666666666696e-01 6.166666666666666963e-01 8.833333333333333315e-02
4.724999999999999756e-01 1.216666666666666730e-01 1.708333333333333370e-01 2.349999999999999867e-01
4.358333333333333504e-01 1.216666666666666730e-01 1.233333333333333365e-01 3.191666666666666541e-01
3.358333333333333171e-01 1.566666666666666763e-01 1.833333333333333343e-02 4.891666666666666941e-01
2.358333333333333393e-01 1.400000000000000133e-01 8.333333333333333218e-03 6.158333333333333437e-01
6.558333333333333792e-01 2.358333333333333393e-01 7.833333333333333814e-02 2.999999999999999889e-02
3.466666666666666785e-01 2.325000000000000122e-01 3.316666666666666652e-01 8.916666666666667185e-02
3.850000000000000089e-01 2.583333333333333315e-02 3.458333333333333259e-01 2.433333333333333459e-01
3.724999999999999978e-01 7.083333333333333148e-02 3.950000000000000178e-01 1.616666666666666530e-01
2.058333333333333404e-01 3.091666666666666452e-01 1.366666666666666585e-01 3.483333333333333282e-01
1.583333333333333259e-01 1.449999999999999900e-01 4.241666666666666918e-01 2.725000000000000200e-01
4.183333333333333348e-01 3.499999999999999778e-01 1.308333333333333293e-01 1.008333333333333304e-01
3.474999999999999756e-01 4.724999999999999756e-01 8.083333333333332649e-02 9.916666666666666685e-02
1.141666666666666663e-01 5.558333333333332904e-01 2.500000000000000000e-01 8.000000000000000167e-02
5.875000000000000222e-01 2.049999999999999878e-01 4.083333333333333259e-02 1.666666666666666574e-01
1.174999999999999933e-01 6.750000000000000444e-02 4.833333333333333370e-01 3.316666666666666652e-01
1.849999999999999978e-01 1.524999999999999967e-01 5.633333333333333526e-01 9.916666666666666685e-02
1.458333333333333426e-01 2.958333333333333370e-01 2.300000000000000100e-01 3.283333333333333104e-01
2.158333333333333215e-01 2.733333333333333171e-01 3.583333333333333370e-01 1.524999999999999967e-01
3.250000000000000111e-02 3.391666666666666718e-01 2.266666666666666552e-01 4.016666666666666718e-01
5.408333333333333881e-01 1.491666666666666696e-01 1.575000000000000011e-01 1.524999999999999967e-01
