6.808333333333332904e-01 6.583333333333332704e-02 1.191666666666666707e-01 1.341666666666666563e-01
1.458333333333333426e-01 4.266666666666666941e-01 2.824999999999999734e-01 1.449999999999999900e-01
2.758333333333333193e-01 7.083333333333333148e-02 1.908333333333333270e-01 4.625000000000000222e-01
2.258333333333333304e-01 3.683333333333333459e-01 1.449999999999999900e-01 2.608333333333333059e-01
3.449999999999999734e-01 4.291666666666666408e-01 1.583333333333333259e-01 6.750000000000000444e-02
3.074999999999999956e-01 1.224999999999999978e-01 5.350000000000000311e-01 3.500000000000000333e-02
1.391666666666666607e-01 1.966666666666666563e-01 5.416666666666666852e-02 6.099999999999999867e-01
3.566666666666666874e-01 2.458333333333333204e-01 3.041666666666666408e-01 9.333333333333333759e-02
8.333333333333333218e-03 7.225000000000000311e-01 5.083333333333333454e-02 2.183333333333333237e-01
2.800000000000000266e-01 3.099999999999999978e-01 2.625000000000000111e-01 1.474999999999999922e-01
1.458333333333333426e-01 1.141666666666666663e-01 3.441666666666666763e-01 3.958333333333333148e-01
1.141666666666666663e-01 2.491666666666666752e-01 3.841666666666666563e-01 2.525000000000000022e-01
3.524999999999999800e-01 2.500000000000000139e-02 1.708333333333333370e-01 4.516666666666666607e-01
3.516666666666666829e-01 4.250000000000000305e-02 1.333333333333333315e-01 4.724999999999999756e-01
2.566666666666666541e-01 8.916666666666667185e-02 1.308333333333333293e-01 5.233333333333333171e-01
3.641666666666666941e-01 1.900000000000000022e-01 3.841666666666666563e-01 6.166666666666666824e-02
2.558333333333333570e-01 1.666666666666666574e-01 4.091666666666666785e-01 1.683333333333333348e-01
1.524999999999999967e-01 1.283333333333333270e-01 3.208333333333333592e-01 3.983333333333333171e-01
9.416666666666666241e-02 2.141666666666666718e-01 5.775000000000000133e-01 1.141666666666666663e-01
6.083333333333333648e-02 4.025000000000000244e-01 1.666666666666666574e-01 3.699999999999999956e-01
4.666666666666666879e-02 7.158333333333333215e-01 2.174999999999999989e-01 2.000000000000000042e-02
