5.066666666666667096e-01 6.833333333333332926e-02 2.108333333333333448e-01 2.141666666666666718e-01
1.666666666666666574e-01 2.508333333333333526e-01 1.549999999999999989e-01 4.274999999999999911e-01
1.900000000000000022e-01 1.666666666666666574e-01 5.683333333333333570e-01 7.499999999999999722e-02
2.516666666666666496e-01 3.016666666666666941e-01 3.599999999999999867e-01 8.666666666666666963e-02
2.258333333333333304e-01 2.000000000000000111e-01 4.991666666666666474e-01 7.499999999999999722e-02
1.774999999999999911e-01 6.333333333333333870e-02 3.250000000000000111e-01 4.341666666666666452e-01
8.583333333333333093e-02 2.108333333333333448e-01 2.874999999999999778e-01 4.158333333333333326e-01
6.225000000000000533e-01 8.250000000000000389e-02 9.750000000000000333e-02 1.975000000000000089e-01
3.833333333333333037e-02 3.108333333333333504e-01 2.275000000000000078e-01 4.233333333333333393e-01
3.749999999999999861e-02 4.016666666666666718e-01 3.975000000000000200e-01 1.633333333333333304e-01
2.116666666666666696e-01 5.350000000000000311e-01 2.000000000000000042e-02 2.333333333333333370e-01
5.666666666666666380e-02 5.033333333333332993e-01 2.824999999999999734e-01 1.575000000000000011e-01
3.574999999999999845e-01 7.749999999999999944e-02 3.499999999999999778e-01 2.149999999999999967e-01
5.258333333333333748e-01 3.800000000000000044e-01 4.750000000000000056e-02 4.666666666666666879e-02
3.966666666666666674e-01 1.408333333333333381e-01 4.133333333333333304e-01 4.916666666666666408e-02
2.124999999999999944e-01 1.625000000000000056e-01 3.574999999999999845e-01 2.675000000000000155e-01
1.408333333333333381e-01 2.683333333333333126e-01 3.133333333333333526e-01 2.775000000000000244e-01
1.591666666666666785e-01 3.191666666666666541e-01 3.241666666666666585e-01 1.975000000000000089e-01
1.491666666666666696e-01 2.250000000000000056e-01 7.166666666666667018e-02 5.541666666666666963e-01
1.774999999999999911e-01 5.216666666666666119e-01 2.308333333333333348e-01 7.000000000000000666e-02
2.424999999999999933e-01 4.416666666666666519e-01 1.833333333333333343e-02 2.974999999999999867e-01
5.500000000000000028e-02 2.600000000000000089e-01 1.583333333333333467e-02 6.691666666666666874e-01
5.208333333333333703e-01 1.824999999999999956e-01 1.250000000000000069e-02 2.841666666666666785e-01
