7.266666666666666829e-01 9.249999999999999889e-02 8.749999999999999445e-02 9.333333333333333759e-02
1.691666666666666596e-01 9.166666666666666019e-02 5.866666666666666696e-01 1.524999999999999967e-01
7.916666666666666297e-02 5.000000000000000278e-02 9.916666666666666685e-02 7.716666666666666119e-01
2.074999999999999900e-01 2.216666666666666785e-01 4.008333333333333193e-01 1.700000000000000122e-01
1.900000000000000022e-01 4.108333333333333282e-01 2.433333333333333459e-01 1.558333333333333237e-01
7.199999999999999734e-01 1.158333333333333298e-01 8.916666666666667185e-02 7.499999999999999722e-02
7.475000000000000533e-01 7.916666666666666297e-02 9.750000000000000333e-02 7.583333333333333592e-02
9.249999999999999889e-02 7.008333333333333082e-01 7.749999999999999944e-02 1.291666666666666796e-01
8.916666666666667185e-02 8.583333333333333093e-02 7.083333333333333703e-01 1.166666666666666685e-01
1.849999999999999978e-01 1.575000000000000011e-01 4.708333333333333259e-01 1.866666666666666752e-01
8.083333333333332649e-02 6.141666666666666385e-01 1.708333333333333370e-01 1.341666666666666563e-01
2.058333333333333404e-01 3.674999999999999933e-01 2.108333333333333448e-01 2.158333333333333215e-01
7.891666666666666829e-01 6.250000000000000000e-02 7.583333333333333592e-02 7.249999999999999500e-02
2.300000000000000100e-01 2.116666666666666696e-01 3.599999999999999867e-01 1.983333333333333337e-01
1.625000000000000056e-01 1.875000000000000000e-01 4.958333333333333481e-01 1.541666666666666741e-01
1.925000000000000044e-01 3.825000000000000067e-01 2.066666666666666652e-01 2.183333333333333237e-01
1.433333333333333404e-01 1.608333333333333282e-01 1.666666666666666574e-01 5.291666666666666741e-01
5.466666666666666341e-01 1.516666666666666718e-01 1.541666666666666741e-01 1.474999999999999922e-01
1.241666666666666613e-01 6.433333333333333126e-01 9.083333333333333537e-02 1.416666666666666630e-01
1.058333333333333348e-01 6.925000000000000044e-01 1.391666666666666607e-01 6.250000000000000000e-02
6.391666666666666607e-01 1.041666666666666713e-01 1.141666666666666663e-01 1.424999999999999878e-01
5.825000000000000178e-01 1.449999999999999900e-01 1.616666666666666530e-01 1.108333333333333393e-01
