7.749999999999999944e-02 5.450000000000000400e-01 2.550000000000000044e-01 1.224999999999999978e-01
1.108333333333333393e-01 6.833333333333332926e-02 3.841666666666666563e-01 4.366666666666666474e-01
4.416666666666666657e-02 4.358333333333333504e-01 4.916666666666666408e-01 2.833333333333333190e-02
6.458333333333333703e-01 2.325000000000000122e-01 1.016666666666666691e-01 2.000000000000000042e-02
4.575000000000000178e-01 1.583333333333333259e-01 2.633333333333333082e-01 1.208333333333333343e-01
8.083333333333332649e-02 2.124999999999999944e-01 1.091666666666666619e-01 5.975000000000000311e-01
4.583333333333333148e-01 8.166666666666666519e-02 2.241666666666666530e-01 2.358333333333333393e-01
1.558333333333333237e-01 1.966666666666666563e-01 3.391666666666666718e-01 3.083333333333333481e-01
4.750000000000000056e-02 7.966666666666666341e-01 4.416666666666666657e-02 1.116666666666666641e-01
6.500000000000000222e-02 3.583333333333333509e-02 2.924999999999999822e-01 6.066666666666666874e-01
1.625000000000000056e-01 2.899999999999999800e-01 3.975000000000000200e-01 1.499999999999999944e-01
3.400000000000000244e-01 9.583333333333333981e-02 3.375000000000000222e-01 2.266666666666666552e-01
4.583333333333333148e-01 1.116666666666666641e-01 2.691666666666666652e-01 1.608333333333333282e-01
6.833333333333332926e-02 3.141666666666666496e-01 3.191666666666666541e-01 2.983333333333333393e-01
1.116666666666666641e-01 1.675000000000000100e-01 1.449999999999999900e-01 5.758333333333333082e-01
1.950000000000000067e-01 4.316666666666666430e-01 3.016666666666666941e-01 7.166666666666667018e-02
1.158333333333333298e-01 7.391666666666666385e-01 1.008333333333333304e-01 4.416666666666666657e-02
3.191666666666666541e-01 4.025000000000000244e-01 1.108333333333333393e-01 1.675000000000000100e-01
