2.916666666666666713e-02 2.391666666666666663e-01 1.833333333333333204e-01 5.483333333333333393e-01
5.791666666666667185e-01 1.566666666666666763e-01 1.383333333333333359e-01 1.258333333333333248e-01
1.333333333333333315e-01 2.041666666666666630e-01 4.633333333333333193e-01 1.991666666666666585e-01
3.266666666666666607e-01 2.149999999999999967e-01 3.325000000000000178e-01 1.258333333333333248e-01
1.508333333333333470e-01 3.641666666666666941e-01 3.566666666666666874e-01 1.283333333333333270e-01
4.483333333333333059e-01 3.958333333333333148e-01 8.333333333333332871e-02 7.249999999999999500e-02
3.408333333333333215e-01 2.216666666666666785e-01 2.233333333333333282e-01 2.141666666666666718e-01
2.808333333333333237e-01 8.000000000000000167e-02 3.933333333333333126e-01 2.458333333333333204e-01
1.408333333333333381e-01 2.625000000000000111e-01 2.174999999999999989e-01 3.791666666666666519e-01
3.283333333333333104e-01 3.766666666666666496e-01 7.916666666666666297e-02 2.158333333333333215e-01
5.083333333333333037e-01 1.891666666666666774e-01 8.416666666666666741e-02 2.183333333333333237e-01
4.983333333333333504e-01 1.908333333333333270e-01 1.466666666666666674e-01 1.641666666666666552e-01
3.300000000000000155e-01 6.583333333333332704e-02 2.899999999999999800e-01 3.141666666666666496e-01
5.583333333333333204e-02 7.616666666666667140e-01 1.141666666666666663e-01 6.833333333333332926e-02
5.691666666666667096e-01 1.358333333333333337e-01 8.333333333333332871e-02 2.116666666666666696e-01
1.074999999999999983e-01 4.916666666666666408e-02 2.966666666666666896e-01 5.466666666666666341e-01
4.099999999999999756e-01 2.583333333333333592e-01 7.916666666666666297e-02 2.525000000000000022e-01
4.458333333333333592e-01 4.083333333333333259e-02 7.749999999999999944e-02 4.358333333333333504e-01
1.733333333333333393e-01 1.066666666666666735e-01 2.666666666666666838e-02 6.933333333333333570e-01
2.149999999999999967e-01 4.408333333333333548e-01 3.183333333333333570e-01 2.583333333333333315e-02
5.666666666666666380e-02 3.033333333333333437e-01 2.158333333333333215e-01 4.241666666666666918e-01
5.741666666666667140e-01 5.333333333333333676e-02 1.441666666666666652e-01 2.283333333333333326e-01
