8.999999999999999667e-02 6.291666666666666519e-01 3.666666666666666685e-02 2.441666666666666707e-01
9.416666666666666241e-02 3.875000000000000111e-01 4.233333333333333393e-01 9.500000000000000111e-02
5.141666666666666607e-01 9.666666666666666463e-02 2.974999999999999867e-01 9.166666666666666019e-02
2.416666666666666685e-01 2.508333333333333526e-01 4.833333333333333370e-01 2.416666666666666616e-02
3.583333333333333509e-02 4.249999999999999889e-01 1.375000000000000111e-01 4.016666666666666718e-01
1.849999999999999978e-01 1.791666666666666685e-01 1.933333333333333293e-01 4.425000000000000044e-01
3.816666666666666541e-01 1.891666666666666774e-01 1.391666666666666607e-01 2.899999999999999800e-01
5.566666666666666430e-01 8.916666666666667185e-02 2.041666666666666630e-01 1.499999999999999944e-01
7.416666666666667240e-02 5.341666666666666785e-01 4.166666666666666435e-02 3.499999999999999778e-01
8.500000000000000611e-02 8.333333333333332871e-02 6.941666666666667096e-01 1.375000000000000111e-01
2.058333333333333404e-01 5.583333333333333204e-02 2.374999999999999889e-01 5.008333333333333526e-01
2.533333333333333548e-01 2.974999999999999867e-01 2.650000000000000133e-01 1.841666666666666730e-01
3.908333333333333104e-01 6.083333333333333648e-02 3.041666666666666408e-01 2.441666666666666707e-01
2.108333333333333448e-01 2.625000000000000111e-01 3.791666666666666519e-01 1.474999999999999922e-01
5.733333333333333615e-01 3.499999999999999778e-01 6.083333333333333648e-02 1.583333333333333467e-02
3.666666666666666685e-02 3.808333333333333570e-01 7.916666666666666297e-02 5.033333333333332993e-01
1.166666666666666685e-01 2.608333333333333059e-01 5.133333333333333082e-01 1.091666666666666619e-01
6.099999999999999867e-01 9.916666666666666685e-02 4.666666666666666879e-02 2.441666666666666707e-01
2.983333333333333393e-01 1.658333333333333326e-01 1.041666666666666713e-01 4.316666666666666430e-01
1.341666666666666563e-01 2.241666666666666530e-01 1.416666666666666630e-01 5.000000000000000000e-01
6.166666666666666824e-02 2.700000000000000178e-01 5.641666666666667052e-01 1.041666666666666713e-01
