2.916666666666666713e-02 5.150000000000000133e-01 2.474999999999999978e-01 2.083333333333333426e-01
1.708333333333333370e-01 3.416666666666666741e-01 2.633333333333333082e-01 2.241666666666666530e-01
6.691666666666666874e-01 2.833333333333333259e-01 3.416666666666666463e-02 1.333333333333333419e-02
2.916666666666666852e-01 9.083333333333333537e-02 2.283333333333333326e-01 3.891666666666666607e-01
4.341666666666666452e-01 1.883333333333333248e-01 2.074999999999999900e-01 1.700000000000000122e-01
1.191666666666666707e-01 4.416666666666666657e-02 4.208333333333333370e-01 4.158333333333333326e-01
6.583333333333332704e-02 4.124999999999999778e-01 1.300000000000000044e-01 3.916666666666666630e-01
1.749999999999999889e-01 2.725000000000000200e-01 3.541666666666666852e-01 1.983333333333333337e-01
3.033333333333333437e-01 1.683333333333333348e-01 8.333333333333333868e-04 5.274999999999999689e-01
4.033333333333333215e-01 1.433333333333333404e-01 2.500000000000000000e-01 2.033333333333333381e-01
4.774999999999999800e-01 3.333333333333333148e-01 1.691666666666666596e-01 2.000000000000000042e-02
2.874999999999999778e-01 1.150000000000000050e-01 1.683333333333333348e-01 4.291666666666666408e-01
5.666666666666666380e-02 3.908333333333333104e-01 5.324999999999999734e-01 2.000000000000000042e-02
4.349999999999999978e-01 3.474999999999999756e-01 2.750000000000000014e-02 1.900000000000000022e-01
1.900000000000000022e-01 2.016666666666666607e-01 1.858333333333333226e-01 4.224999999999999867e-01
6.166666666666666963e-01 6.083333333333333648e-02 2.058333333333333404e-01 1.166666666666666685e-01
2.908333333333333326e-01 2.225000000000000033e-01 2.333333333333333440e-02 4.633333333333333193e-01
1.233333333333333365e-01 5.100000000000000089e-01 1.483333333333333448e-01 2.183333333333333237e-01
4.916666666666666408e-02 4.533333333333333104e-01 1.724999999999999867e-01 3.250000000000000111e-01
5.283333333333333215e-01 3.408333333333333215e-01 7.333333333333333370e-02 5.750000000000000250e-02
5.258333333333333748e-01 1.616666666666666530e-01 2.708333333333333148e-01 4.166666666666666435e-02
6.383333333333333082e-01 1.258333333333333248e-01 7.000000000000000666e-02 1.658333333333333326e-01
