1.749999999999999889e-01 2.733333333333333171e-01 5.383333333333333304e-01 1.333333333333333419e-02
2.158333333333333215e-01 4.291666666666666408e-01 1.424999999999999878e-01 2.124999999999999944e-01
3.750000000000000000e-01 2.416666666666666685e-01 3.316666666666666652e-01 5.166666666666666630e-02
4.866666666666666918e-01 7.083333333333333148e-02 6.583333333333332704e-02 3.766666666666666496e-01
2.833333333333333190e-02 1.566666666666666763e-01 5.691666666666667096e-01 2.458333333333333204e-01
2.241666666666666530e-01 4.116666666666666807e-01 1.166666666666666685e-01 2.474999999999999978e-01
6.500000000000000222e-02 1.533333333333333215e-01 6.933333333333333570e-01 8.833333333333333315e-02
2.008333333333333359e-01 3.108333333333333504e-01 1.650000000000000078e-01 3.233333333333333059e-01
1.316666666666666541e-01 3.624999999999999889e-01 3.925000000000000155e-01 1.133333333333333276e-01
2.866666666666666807e-01 5.750000000000000250e-02 2.283333333333333326e-01 4.274999999999999911e-01
9.166666666666666713e-03 1.424999999999999878e-01 1.058333333333333348e-01 7.425000000000000488e-01
9.500000000000000111e-02 1.799999999999999933e-01 4.108333333333333282e-01 3.141666666666666496e-01
2.558333333333333570e-01 3.483333333333333282e-01 5.833333333333333426e-02 3.375000000000000222e-01
4.691666666666666763e-01 2.349999999999999867e-01 4.583333333333333010e-02 2.500000000000000000e-01
6.941666666666667096e-01 1.400000000000000133e-01 1.100000000000000006e-01 5.583333333333333204e-02
1.183333333333333320e-01 2.141666666666666718e-01 5.616666666666666474e-01 1.058333333333333348e-01
1.516666666666666718e-01 2.625000000000000111e-01 4.183333333333333348e-01 1.675000000000000100e-01
5.291666666666666741e-01 2.650000000000000133e-01 1.350000000000000089e-01 7.083333333333333148e-02
7.583333333333333592e-02 2.750000000000000222e-01 4.749999999999999778e-01 1.741666666666666641e-01
3.900000000000000133e-01 2.866666666666666807e-01 1.533333333333333215e-01 1.700000000000000122e-01
4.566666666666666652e-01 1.000000000000000056e-01 1.866666666666666752e-01 2.566666666666666541e-01
1.150000000000000050e-01 4.441666666666666541e-01 1.733333333333333393e-01 2.675000000000000155e-01
4.416666666666666657e-02 2.700000000000000178e-01 4.408333333333333548e-01 2.449999999999999956e-01
