9.916666666666666685e-02 2.608333333333333059e-01 5.658333333333332993e-01 7.416666666666667240e-02
2.158333333333333215e-01 5.233333333333333171e-01 2.408333333333333437e-01 2.000000000000000042e-02
3.016666666666666941e-01 2.258333333333333304e-01 2.691666666666666652e-01 2.033333333333333381e-01
3.691666666666666430e-01 1.008333333333333304e-01 3.666666666666666685e-02 4.933333333333333459e-01
2.533333333333333548e-01 2.083333333333333218e-02 6.783333333333333437e-01 4.750000000000000056e-02
1.033333333333333326e-01 2.233333333333333282e-01 5.016666666666667052e-01 1.716666666666666619e-01
3.425000000000000266e-01 3.208333333333333592e-01 6.833333333333332926e-02 2.683333333333333126e-01
1.000000000000000056e-01 8.833333333333333315e-02 6.583333333333332704e-02 7.458333333333333481e-01
3.416666666666666741e-01 1.966666666666666563e-01 3.649999999999999911e-01 9.666666666666666463e-02
3.699999999999999956e-01 3.141666666666666496e-01 1.091666666666666619e-01 2.066666666666666652e-01
3.958333333333333148e-01 2.074999999999999900e-01 3.099999999999999978e-01 8.666666666666666963e-02
6.916666666666666796e-02 6.258333333333333526e-01 2.291666666666666574e-01 7.583333333333333592e-02
7.249999999999999500e-02 7.358333333333333393e-01 1.083333333333333370e-01 8.333333333333332871e-02
1.683333333333333348e-01 2.675000000000000155e-01 1.074999999999999983e-01 4.566666666666666652e-01
3.183333333333333570e-01 4.108333333333333282e-01 1.641666666666666552e-01 1.066666666666666735e-01
2.008333333333333359e-01 2.033333333333333381e-01 3.624999999999999889e-01 2.333333333333333370e-01
1.583333333333333259e-01 2.049999999999999878e-01 1.483333333333333448e-01 4.883333333333333415e-01
7.916666666666666297e-02 6.524999999999999689e-01 9.249999999999999889e-02 1.758333333333333415e-01
6.541666666666666741e-01 1.083333333333333370e-01 1.166666666666666685e-01 1.208333333333333343e-01
3.666666666666666685e-02 2.558333333333333570e-01 2.233333333333333282e-01 4.841666666666666896e-01
