3.916666666666666907e-02 4.941666666666666430e-01 1.008333333333333304e-01 3.658333333333333437e-01
6.516666666666666163e-01 1.625000000000000056e-01 8.749999999999999445e-02 9.833333333333332815e-02
3.058333333333333459e-01 1.441666666666666652e-01 2.733333333333333171e-01 2.766666666666666718e-01
1.049999999999999961e-01 4.000000000000000083e-02 4.274999999999999911e-01 4.274999999999999911e-01
1.791666666666666685e-01 4.749999999999999778e-01 4.833333333333333232e-02 2.974999999999999867e-01
3.033333333333333437e-01 1.158333333333333298e-01 1.583333333333333259e-01 4.224999999999999867e-01
7.416666666666667240e-02 2.616666666666666585e-01 1.125000000000000028e-01 5.516666666666666385e-01
1.049999999999999961e-01 2.083333333333333426e-01 4.441666666666666541e-01 2.424999999999999933e-01
3.749999999999999861e-02 2.083333333333333218e-02 7.466666666666667007e-01 1.950000000000000067e-01
2.566666666666666541e-01 2.725000000000000200e-01 2.391666666666666663e-01 2.316666666666666596e-01
1.424999999999999878e-01 4.166666666666666852e-01 3.375000000000000222e-01 1.033333333333333326e-01
5.758333333333333082e-01 2.158333333333333215e-01 1.708333333333333370e-01 3.749999999999999861e-02
3.875000000000000111e-01 2.300000000000000100e-01 2.508333333333333526e-01 1.316666666666666541e-01
5.741666666666667140e-01 4.750000000000000056e-02 1.591666666666666785e-01 2.191666666666666763e-01
2.866666666666666807e-01 3.083333333333333412e-02 2.591666666666666563e-01 4.233333333333333393e-01
3.749999999999999861e-02 5.466666666666666341e-01 3.524999999999999800e-01 6.333333333333333870e-02
8.583333333333333093e-02 2.641666666666666607e-01 8.000000000000000167e-02 5.699999999999999512e-01
1.466666666666666674e-01 4.091666666666666785e-01 2.483333333333333226e-01 1.958333333333333315e-01
1.341666666666666563e-01 3.066666666666666430e-01 1.808333333333333459e-01 3.783333333333333548e-01
5.466666666666666341e-01 2.266666666666666552e-01 1.150000000000000050e-01 1.116666666666666641e-01
3.400000000000000244e-01 2.725000000000000200e-01 3.533333333333333326e-01 3.416666666666666463e-02
9.583333333333333981e-02 2.691666666666666652e-01 5.941666666666666208e-01 4.083333333333333259e-02
