8.916666666666667185e-02 2.741666666666666696e-01 5.524999999999999911e-01 8.416666666666666741e-02
5.108333333333333615e-01 1.033333333333333326e-01 1.608333333333333282e-01 2.250000000000000056e-01
1.125000000000000028e-01 1.641666666666666552e-01 3.116666666666666474e-01 4.116666666666666807e-01
1.916666666666666519e-02 7.416666666666667240e-02 7.325000000000000400e-01 1.741666666666666641e-01
2.525000000000000022e-01 3.833333333333333037e-02 4.025000000000000244e-01 3.066666666666666430e-01
2.083333333333333426e-01 5.583333333333333481e-01 1.333333333333333315e-01 1.000000000000000056e-01
1.241666666666666613e-01 1.449999999999999900e-01 4.833333333333333370e-01 2.474999999999999978e-01
5.999999999999999778e-02 2.800000000000000266e-01 3.049999999999999933e-01 3.549999999999999822e-01
1.049999999999999961e-01 3.291666666666666630e-01 3.616666666666666918e-01 2.041666666666666630e-01
5.833333333333333703e-01 2.008333333333333359e-01 1.375000000000000111e-01 7.833333333333333814e-02
2.341666666666666619e-01 1.233333333333333365e-01 9.083333333333333537e-02 5.516666666666666385e-01
2.291666666666666574e-01 3.541666666666666852e-01 8.333333333333333218e-03 4.083333333333333259e-01
7.974999999999999867e-01 4.499999999999999833e-02 5.500000000000000028e-02 1.024999999999999939e-01
9.916666666666666685e-02 2.000000000000000111e-01 1.250000000000000000e-01 5.758333333333333082e-01
2.858333333333333282e-01 2.124999999999999944e-01 2.816666666666666763e-01 2.200000000000000011e-01
1.816666666666666707e-01 2.349999999999999867e-01 5.324999999999999734e-01 5.083333333333333454e-02
2.399999999999999911e-01 4.116666666666666807e-01 3.208333333333333592e-01 2.750000000000000014e-02
8.749999999999999445e-02 1.883333333333333248e-01 3.116666666666666474e-01 4.124999999999999778e-01
9.833333333333332815e-02 4.691666666666666763e-01 3.708333333333333481e-01 6.166666666666666824e-02
5.000000000000000000e-01 1.849999999999999978e-01 1.083333333333333370e-01 2.066666666666666652e-01
2.650000000000000133e-01 4.433333333333333570e-01 2.225000000000000033e-01 6.916666666666666796e-02
1.008333333333333304e-01 3.916666666666666630e-01 1.758333333333333415e-01 3.316666666666666652e-01
