3.491666666666666807e-01 1.216666666666666730e-01 3.166666666666666935e-02 4.974999999999999978e-01
3.758333333333333526e-01 1.433333333333333404e-01 4.349999999999999978e-01 4.583333333333333010e-02
5.308333333333333792e-01 4.000000000000000083e-02 5.083333333333333454e-02 3.783333333333333548e-01
3.541666666666666852e-01 1.016666666666666691e-01 4.541666666666666630e-01 8.999999999999999667e-02
2.833333333333333190e-02 6.491666666666666696e-01 3.091666666666666452e-01 1.333333333333333419e-02
1.183333333333333320e-01 1.383333333333333359e-01 3.649999999999999911e-01 3.783333333333333548e-01
4.166666666666666435e-02 5.300000000000000266e-01 1.474999999999999922e-01 2.808333333333333237e-01
4.108333333333333282e-01 2.566666666666666541e-01 2.058333333333333404e-01 1.266666666666666774e-01
4.633333333333333193e-01 1.024999999999999939e-01 1.658333333333333326e-01 2.683333333333333126e-01
1.350000000000000089e-01 3.300000000000000155e-01 3.808333333333333570e-01 1.541666666666666741e-01
5.833333333333333426e-02 1.816666666666666707e-01 2.233333333333333282e-01 5.366666666666666252e-01
2.600000000000000089e-01 7.916666666666666297e-02 4.541666666666666630e-01 2.066666666666666652e-01
4.016666666666666718e-01 3.400000000000000244e-01 9.833333333333332815e-02 1.600000000000000033e-01
3.300000000000000155e-01 3.649999999999999911e-01 2.041666666666666630e-01 1.008333333333333304e-01
2.958333333333333370e-01 5.999999999999999778e-02 4.891666666666666941e-01 1.549999999999999989e-01
1.183333333333333320e-01 3.791666666666666519e-01 4.958333333333333481e-01 6.666666666666667095e-03
2.899999999999999800e-01 3.566666666666666874e-01 2.208333333333333259e-01 1.325000000000000067e-01
4.000000000000000083e-02 1.908333333333333270e-01 2.066666666666666652e-01 5.625000000000000000e-01
1.824999999999999956e-01 3.375000000000000222e-01 2.424999999999999933e-01 2.374999999999999889e-01
1.449999999999999900e-01 1.691666666666666596e-01 2.391666666666666663e-01 4.466666666666666563e-01
5.500000000000000028e-02 7.666666666666666075e-02 3.166666666666666935e-02 8.366666666666666696e-01
7.249999999999999500e-02 1.975000000000000089e-01 5.083333333333333037e-01 2.216666666666666785e-01
2.500000000000000000e-01 3.633333333333333415e-01 2.008333333333333359e-01 1.858333333333333226e-01
