7.358333333333333393e-01 8.000000000000000167e-02 8.999999999999999667e-02 9.416666666666666241e-02
1.591666666666666785e-01 1.600000000000000033e-01 5.100000000000000089e-01 1.708333333333333370e-01
1.291666666666666796e-01 2.833333333333333190e-02 5.416666666666666852e-02 7.883333333333333304e-01
2.158333333333333215e-01 2.008333333333333359e-01 3.841666666666666563e-01 1.991666666666666585e-01
2.116666666666666696e-01 4.174999999999999822e-01 1.300000000000000044e-01 2.408333333333333437e-01
7.225000000000000311e-01 7.083333333333333148e-02 9.166666666666666019e-02 1.150000000000000050e-01
7.116666666666666696e-01 1.666666666666666574e-01 6.250000000000000000e-02 5.916666666666666602e-02
1.191666666666666707e-01 6.891666666666667052e-01 8.916666666666667185e-02 1.024999999999999939e-01
7.249999999999999500e-02 1.150000000000000050e-01 6.941666666666667096e-01 1.183333333333333320e-01
1.541666666666666741e-01 1.341666666666666563e-01 5.266666666666666163e-01 1.849999999999999978e-01
1.341666666666666563e-01 6.183333333333332904e-01 1.041666666666666713e-01 1.433333333333333404e-01
1.958333333333333315e-01 3.524999999999999800e-01 2.033333333333333381e-01 2.483333333333333226e-01
7.750000000000000222e-01 8.333333333333332871e-02 8.666666666666666963e-02 5.500000000000000028e-02
2.216666666666666785e-01 2.074999999999999900e-01 4.433333333333333570e-01 1.275000000000000022e-01
1.241666666666666613e-01 1.408333333333333381e-01 4.799999999999999822e-01 2.550000000000000044e-01
1.216666666666666730e-01 3.933333333333333126e-01 2.266666666666666552e-01 2.583333333333333592e-01
1.366666666666666585e-01 1.641666666666666552e-01 1.258333333333333248e-01 5.733333333333333615e-01
6.099999999999999867e-01 1.408333333333333381e-01 1.041666666666666713e-01 1.449999999999999900e-01
1.724999999999999867e-01 5.708333333333333037e-01 1.174999999999999933e-01 1.391666666666666607e-01
2.000000000000000111e-01 6.208333333333333481e-01 8.916666666666667185e-02 8.999999999999999667e-02
6.366666666666667140e-01 1.008333333333333304e-01 8.916666666666667185e-02 1.733333333333333393e-01
