2.483333333333333226e-01 6.666666666666666574e-02 6.166666666666666824e-02 6.233333333333332948e-01
2.916666666666666852e-01 3.583333333333333509e-02 1.133333333333333276e-01 5.591666666666667007e-01
3.975000000000000200e-01 2.508333333333333526e-01 6.666666666666666574e-02 2.849999999999999756e-01
2.508333333333333526e-01 1.058333333333333348e-01 2.908333333333333326e-01 3.524999999999999800e-01
1.875000000000000000e-01 2.566666666666666541e-01 2.758333333333333193e-01 2.800000000000000266e-01
4.266666666666666941e-01 1.499999999999999944e-01 3.983333333333333171e-01 2.500000000000000139e-02
1.408333333333333381e-01 1.908333333333333270e-01 1.408333333333333381e-01 5.274999999999999689e-01
5.174999999999999600e-01 8.833333333333333315e-02 2.991666666666666918e-01 9.500000000000000111e-02
1.024999999999999939e-01 9.416666666666666241e-02 3.674999999999999933e-01 4.358333333333333504e-01
5.316666666666666208e-01 1.041666666666666713e-01 3.225000000000000089e-01 4.166666666666666435e-02
5.833333333333333426e-02 3.449999999999999734e-01 4.483333333333333059e-01 1.483333333333333448e-01
1.449999999999999900e-01 4.208333333333333370e-01 3.250000000000000111e-01 1.091666666666666619e-01
2.474999999999999978e-01 3.441666666666666763e-01 2.200000000000000011e-01 1.883333333333333248e-01
6.566666666666666208e-01 3.916666666666666907e-02 4.416666666666666657e-02 2.600000000000000089e-01
9.416666666666666241e-02 3.200000000000000067e-01 1.016666666666666691e-01 4.841666666666666896e-01
4.000000000000000222e-01 1.400000000000000133e-01 2.775000000000000244e-01 1.824999999999999956e-01
1.233333333333333365e-01 4.924999999999999933e-01 6.666666666666667095e-03 3.775000000000000022e-01
1.724999999999999867e-01 3.091666666666666452e-01 4.291666666666666408e-01 8.916666666666667185e-02
5.966666666666666785e-01 1.799999999999999933e-01 1.908333333333333270e-01 3.250000000000000111e-02
2.225000000000000033e-01 9.583333333333333981e-02 5.000000000000000000e-01 1.816666666666666707e-01
6.058333333333333348e-01 6.666666666666667095e-03 1.133333333333333276e-01 2.741666666666666696e-01
1.991666666666666585e-01 4.316666666666666430e-01 9.916666666666666685e-02 2.700000000000000178e-01
