1.125000000000000028e-01 5.224999999999999645e-01 3.749999999999999861e-02 3.275000000000000133e-01
2.099999999999999922e-01 5.291666666666666741e-01 2.399999999999999911e-01 2.083333333333333218e-02
5.633333333333333526e-01 2.225000000000000033e-01 1.316666666666666541e-01 8.250000000000000389e-02
6.158333333333333437e-01 7.000000000000000666e-02 8.416666666666666741e-02 2.300000000000000100e-01
1.658333333333333326e-01 3.591666666666666896e-01 1.150000000000000050e-01 3.599999999999999867e-01
2.099999999999999922e-01 4.375000000000000000e-01 1.925000000000000044e-01 1.600000000000000033e-01
9.166666666666666019e-02 5.541666666666666963e-01 1.508333333333333470e-01 2.033333333333333381e-01
2.999999999999999889e-01 1.074999999999999983e-01 1.675000000000000100e-01 4.249999999999999889e-01
2.508333333333333526e-01 1.166666666666666685e-01 1.591666666666666785e-01 4.733333333333333282e-01
1.933333333333333293e-01 1.883333333333333248e-01 1.633333333333333304e-01 4.550000000000000155e-01
5.066666666666667096e-01 1.900000000000000022e-01 8.250000000000000389e-02 2.208333333333333259e-01
4.050000000000000266e-01 1.008333333333333304e-01 2.391666666666666663e-01 2.550000000000000044e-01
1.250000000000000000e-01 5.849999999999999645e-01 1.583333333333333467e-02 2.741666666666666696e-01
7.499999999999999722e-02 3.433333333333333237e-01 1.549999999999999989e-01 4.266666666666666941e-01
1.358333333333333337e-01 2.500000000000000139e-02 2.416666666666666616e-02 8.149999999999999467e-01
4.108333333333333282e-01 2.591666666666666563e-01 2.491666666666666752e-01 8.083333333333332649e-02
3.300000000000000155e-01 7.249999999999999500e-02 1.575000000000000011e-01 4.400000000000000022e-01
5.916666666666666602e-02 4.241666666666666918e-01 1.566666666666666763e-01 3.599999999999999867e-01
2.983333333333333393e-01 3.066666666666666430e-01 1.524999999999999967e-01 2.424999999999999933e-01
4.716666666666666785e-01 7.000000000000000666e-02 1.166666666666666720e-02 4.466666666666666563e-01
1.341666666666666563e-01 4.716666666666666785e-01 9.916666666666666685e-02 2.949999999999999845e-01
1.066666666666666735e-01 5.699999999999999512e-01 2.325000000000000122e-01 9.083333333333333537e-02
