3.083333333333333412e-02 7.083333333333333148e-02 6.733333333333333393e-01 2.250000000000000056e-01
3.008333333333333415e-01 1.733333333333333393e-01 2.233333333333333282e-01 3.024999999999999911e-01
4.483333333333333059e-01 1.783333333333333437e-01 1.641666666666666552e-01 2.091666666666666674e-01
2.250000000000000056e-01 3.808333333333333570e-01 3.241666666666666585e-01 7.000000000000000666e-02
3.125000000000000000e-01 4.166666666666666435e-02 4.450000000000000067e-01 2.008333333333333359e-01
3.125000000000000000e-01 5.033333333333332993e-01 1.433333333333333404e-01 4.083333333333333259e-02
3.125000000000000000e-01 1.358333333333333337e-01 1.816666666666666707e-01 3.699999999999999956e-01
5.333333333333333676e-02 2.191666666666666763e-01 8.749999999999999445e-02 6.400000000000000133e-01
1.524999999999999967e-01 6.583333333333332704e-02 2.666666666666666838e-02 7.550000000000000044e-01
3.508333333333333304e-01 3.891666666666666607e-01 8.916666666666667185e-02 1.708333333333333370e-01
1.900000000000000022e-01 2.591666666666666563e-01 4.291666666666666408e-01 1.216666666666666730e-01
3.466666666666666785e-01 1.141666666666666663e-01 4.666666666666666741e-01 7.249999999999999500e-02
1.224999999999999978e-01 2.708333333333333148e-01 1.724999999999999867e-01 4.341666666666666452e-01
1.024999999999999939e-01 1.308333333333333293e-01 5.274999999999999689e-01 2.391666666666666663e-01
1.524999999999999967e-01 2.158333333333333215e-01 5.699999999999999512e-01 6.166666666666666824e-02
6.550000000000000266e-01 2.300000000000000100e-01 6.250000000000000000e-02 5.249999999999999806e-02
1.933333333333333293e-01 1.166666666666666685e-01 4.291666666666666408e-01 2.608333333333333059e-01
2.541666666666666519e-01 5.166666666666667185e-01 1.224999999999999978e-01 1.066666666666666735e-01
4.916666666666666408e-01 2.408333333333333437e-01 7.333333333333333370e-02 1.941666666666666541e-01
1.724999999999999867e-01 4.158333333333333326e-01 1.658333333333333326e-01 2.458333333333333204e-01
2.583333333333333315e-02 5.883333333333333748e-01 1.616666666666666530e-01 2.241666666666666530e-01
