4.333333333333333481e-02 8.141666666666667052e-01 1.083333333333333370e-01 3.416666666666666463e-02
1.024999999999999939e-01 3.800000000000000044e-01 3.708333333333333481e-01 1.466666666666666674e-01
1.174999999999999933e-01 4.316666666666666430e-01 3.416666666666666463e-02 4.166666666666666852e-01
3.875000000000000111e-01 2.500000000000000000e-01 8.749999999999999445e-02 2.750000000000000222e-01
2.049999999999999878e-01 5.666666666666666380e-02 4.899999999999999911e-01 2.483333333333333226e-01
3.941666666666666652e-01 2.325000000000000122e-01 1.925000000000000044e-01 1.808333333333333459e-01
3.583333333333333370e-01 8.999999999999999667e-02 6.666666666666666574e-02 4.849999999999999867e-01
3.808333333333333570e-01 1.433333333333333404e-01 3.266666666666666607e-01 1.491666666666666696e-01
2.891666666666666829e-01 3.491666666666666807e-01 2.816666666666666763e-01 8.000000000000000167e-02
4.250000000000000305e-02 1.791666666666666685e-01 1.591666666666666785e-01 6.191666666666666430e-01
2.416666666666666616e-02 1.350000000000000089e-01 4.233333333333333393e-01 4.174999999999999822e-01
3.466666666666666785e-01 2.583333333333333592e-01 2.683333333333333126e-01 1.266666666666666774e-01
6.225000000000000533e-01 9.500000000000000111e-02 2.233333333333333282e-01 5.916666666666666602e-02
3.099999999999999978e-01 2.616666666666666585e-01 4.099999999999999756e-01 1.833333333333333343e-02
3.024999999999999911e-01 3.166666666666666519e-01 1.675000000000000100e-01 2.133333333333333470e-01
3.416666666666666463e-02 2.949999999999999845e-01 6.025000000000000355e-01 6.833333333333332926e-02
2.433333333333333459e-01 4.199999999999999845e-01 1.216666666666666730e-01 2.149999999999999967e-01
1.283333333333333270e-01 3.483333333333333282e-01 3.658333333333333437e-01 1.575000000000000011e-01
2.691666666666666652e-01 1.724999999999999867e-01 4.849999999999999867e-01 7.333333333333333370e-02
5.000000000000000000e-01 2.316666666666666596e-01 4.916666666666666408e-02 2.191666666666666763e-01
1.408333333333333381e-01 5.999999999999999778e-02 1.625000000000000056e-01 6.366666666666667140e-01
4.249999999999999889e-01 9.083333333333333537e-02 1.049999999999999961e-01 3.791666666666666519e-01
