8.916666666666667185e-02 1.766666666666666663e-01 6.774999999999999911e-01 5.666666666666666380e-02
2.399999999999999911e-01 2.833333333333333190e-02 5.383333333333333304e-01 1.933333333333333293e-01
1.158333333333333298e-01 4.149999999999999800e-01 4.133333333333333304e-01 5.583333333333333204e-02
8.749999999999999445e-02 2.266666666666666552e-01 4.991666666666666474e-01 1.866666666666666752e-01
2.833333333333333190e-02 2.116666666666666696e-01 7.333333333333333370e-02 6.866666666666666474e-01
2.066666666666666652e-01 3.975000000000000200e-01 1.391666666666666607e-01 2.566666666666666541e-01
1.733333333333333393e-01 2.500000000000000000e-01 1.766666666666666663e-01 4.000000000000000222e-01
1.166666666666666685e-01 3.733333333333333504e-01 2.958333333333333370e-01 2.141666666666666718e-01
6.283333333333332993e-01 2.866666666666666807e-01 3.416666666666666463e-02 5.083333333333333454e-02
2.058333333333333404e-01 3.458333333333333259e-01 3.375000000000000222e-01 1.108333333333333393e-01
4.166666666666666435e-02 2.308333333333333348e-01 4.291666666666666408e-01 2.983333333333333393e-01
3.716666666666666452e-01 8.666666666666666963e-02 7.333333333333333370e-02 4.683333333333333237e-01
7.666666666666666075e-02 4.333333333333333481e-02 6.233333333333332948e-01 2.566666666666666541e-01
3.250000000000000111e-02 2.616666666666666585e-01 1.749999999999999889e-01 5.308333333333333792e-01
1.824999999999999956e-01 3.358333333333333171e-01 3.866666666666666585e-01 9.500000000000000111e-02
4.708333333333333259e-01 8.083333333333332649e-02 1.483333333333333448e-01 2.999999999999999889e-01
2.866666666666666807e-01 3.933333333333333126e-01 2.700000000000000178e-01 5.000000000000000278e-02
2.550000000000000044e-01 3.533333333333333326e-01 2.008333333333333359e-01 1.908333333333333270e-01
2.083333333333333218e-02 4.741666666666666807e-01 1.208333333333333343e-01 3.841666666666666563e-01
2.833333333333333259e-01 1.958333333333333315e-01 8.583333333333333093e-02 4.349999999999999978e-01
1.391666666666666607e-01 4.583333333333333010e-02 4.366666666666666474e-01 3.783333333333333548e-01
