4.499999999999999833e-02 6.516666666666666163e-01 1.849999999999999978e-01 1.183333333333333320e-01
2.683333333333333126e-01 3.066666666666666430e-01 7.499999999999999722e-03 4.174999999999999822e-01
1.975000000000000089e-01 7.666666666666666075e-02 3.991666666666666696e-01 3.266666666666666607e-01
1.216666666666666730e-01 2.691666666666666652e-01 1.533333333333333215e-01 4.558333333333333126e-01
3.541666666666666852e-01 1.258333333333333248e-01 3.925000000000000155e-01 1.275000000000000022e-01
2.300000000000000100e-01 3.775000000000000022e-01 1.325000000000000067e-01 2.600000000000000089e-01
1.824999999999999956e-01 3.058333333333333459e-01 4.375000000000000000e-01 7.416666666666667240e-02
3.499999999999999778e-01 1.908333333333333270e-01 1.900000000000000022e-01 2.691666666666666652e-01
4.141666666666666829e-01 2.308333333333333348e-01 6.666666666666666574e-02 2.883333333333333304e-01
2.991666666666666918e-01 6.333333333333333870e-02 1.333333333333333419e-02 6.241666666666666474e-01
2.191666666666666763e-01 3.500000000000000333e-02 4.724999999999999756e-01 2.733333333333333171e-01
9.333333333333333759e-02 6.483333333333333171e-01 1.325000000000000067e-01 1.258333333333333248e-01
5.999999999999999778e-02 6.583333333333332704e-02 1.058333333333333348e-01 7.683333333333333126e-01
1.691666666666666596e-01 3.275000000000000133e-01 4.316666666666666430e-01 7.166666666666667018e-02
2.083333333333333426e-01 1.650000000000000078e-01 1.083333333333333370e-01 5.183333333333333126e-01
6.333333333333333870e-02 1.366666666666666585e-01 6.916666666666666796e-02 7.308333333333333348e-01
9.416666666666666241e-02 5.174999999999999600e-01 2.766666666666666718e-01 1.116666666666666641e-01
3.275000000000000133e-01 1.216666666666666730e-01 7.249999999999999500e-02 4.783333333333333326e-01
1.841666666666666730e-01 2.541666666666666519e-01 3.241666666666666585e-01 2.374999999999999889e-01
3.591666666666666896e-01 4.016666666666666718e-01 9.916666666666666685e-02 1.400000000000000133e-01
1.991666666666666585e-01 2.083333333333333426e-01 1.283333333333333270e-01 4.641666666666666718e-01
1.216666666666666730e-01 2.783333333333333215e-01 5.274999999999999689e-01 7.249999999999999500e-02
