1.774999999999999911e-01 5.391666666666666829e-01 4.666666666666666879e-02 2.366666666666666641e-01
3.133333333333333526e-01 2.441666666666666707e-01 1.033333333333333326e-01 3.391666666666666718e-01
5.666666666666666380e-02 3.049999999999999933e-01 5.174999999999999600e-01 1.208333333333333343e-01
6.416666666666666352e-02 1.241666666666666613e-01 6.516666666666666163e-01 1.600000000000000033e-01
3.941666666666666652e-01 2.033333333333333381e-01 1.749999999999999889e-01 2.275000000000000078e-01
2.700000000000000178e-01 1.350000000000000089e-01 4.583333333333333148e-01 1.366666666666666585e-01
3.583333333333333509e-02 4.750000000000000056e-02 5.825000000000000178e-01 3.341666666666666674e-01
1.024999999999999939e-01 1.833333333333333204e-01 5.833333333333333703e-01 1.308333333333333293e-01
2.308333333333333348e-01 4.625000000000000222e-01 2.200000000000000011e-01 8.666666666666666963e-02
4.499999999999999833e-02 6.441666666666666652e-01 1.749999999999999889e-01 1.358333333333333337e-01
3.566666666666666874e-01 1.341666666666666563e-01 2.333333333333333370e-01 2.758333333333333193e-01
3.333333333333333148e-01 2.500000000000000139e-02 5.933333333333333792e-01 4.833333333333333232e-02
5.533333333333333437e-01 1.633333333333333304e-01 1.300000000000000044e-01 1.533333333333333215e-01
3.325000000000000178e-01 1.791666666666666685e-01 9.249999999999999889e-02 3.958333333333333148e-01
5.000000000000000104e-03 6.083333333333332815e-01 1.666666666666666644e-02 3.699999999999999956e-01
1.416666666666666595e-02 6.383333333333333082e-01 8.500000000000000611e-02 2.625000000000000111e-01
2.291666666666666574e-01 3.250000000000000111e-01 2.558333333333333570e-01 1.900000000000000022e-01
9.916666666666666685e-02 2.750000000000000222e-01 3.583333333333333370e-01 2.675000000000000155e-01
5.000000000000000278e-02 4.158333333333333326e-01 2.941666666666666874e-01 2.399999999999999911e-01
4.174999999999999822e-01 2.174999999999999989e-01 1.033333333333333326e-01 2.616666666666666585e-01
2.816666666666666763e-01 1.275000000000000022e-01 5.341666666666666785e-01 5.666666666666666380e-02
2.600000000000000089e-01 4.133333333333333304e-01 1.266666666666666774e-01 2.000000000000000111e-01
