3.400000000000000244e-01 4.924999999999999933e-01 1.566666666666666763e-01 1.083333333333333370e-02
1.333333333333333419e-02 6.908333333333332993e-01 2.308333333333333348e-01 6.500000000000000222e-02
1.466666666666666674e-01 4.391666666666666496e-01 1.833333333333333343e-02 3.958333333333333148e-01
2.433333333333333459e-01 4.583333333333333148e-01 1.391666666666666607e-01 1.591666666666666785e-01
3.574999999999999845e-01 3.233333333333333059e-01 1.199999999999999956e-01 1.991666666666666585e-01
4.741666666666666807e-01 7.166666666666667018e-02 3.941666666666666652e-01 5.999999999999999778e-02
2.133333333333333470e-01 3.325000000000000178e-01 8.250000000000000389e-02 3.716666666666666452e-01
2.516666666666666496e-01 1.250000000000000069e-02 2.708333333333333148e-01 4.650000000000000244e-01
6.125000000000000444e-01 2.583333333333333592e-01 2.916666666666666713e-02 1.000000000000000056e-01
2.716666666666666674e-01 1.366666666666666585e-01 1.116666666666666641e-01 4.799999999999999822e-01
2.183333333333333237e-01 5.908333333333333215e-01 1.058333333333333348e-01 8.500000000000000611e-02
2.041666666666666630e-01 3.049999999999999933e-01 4.274999999999999911e-01 6.333333333333333870e-02
1.625000000000000056e-01 4.008333333333333193e-01 3.125000000000000000e-01 1.241666666666666613e-01
2.099999999999999922e-01 5.416666666666666852e-02 1.616666666666666530e-01 5.741666666666667140e-01
3.791666666666666519e-01 1.375000000000000111e-01 3.958333333333333148e-01 8.749999999999999445e-02
2.974999999999999867e-01 4.583333333333333010e-02 4.283333333333333437e-01 2.283333333333333326e-01
3.333333333333333148e-01 4.216666666666666896e-01 2.316666666666666596e-01 1.333333333333333419e-02
3.833333333333333037e-02 2.291666666666666574e-01 5.775000000000000133e-01 1.549999999999999989e-01
2.716666666666666674e-01 7.416666666666667240e-02 5.308333333333333792e-01 1.233333333333333365e-01
2.758333333333333193e-01 4.566666666666666652e-01 1.174999999999999933e-01 1.499999999999999944e-01
2.066666666666666652e-01 3.091666666666666452e-01 3.916666666666666907e-02 4.450000000000000067e-01
2.083333333333333426e-01 2.866666666666666807e-01 4.183333333333333348e-01 8.666666666666666963e-02
