8.375000000000000222e-01 6.166666666666666824e-02 8.916666666666667185e-02 1.166666666666666720e-02
4.858333333333333393e-01 6.833333333333332926e-02 1.116666666666666641e-01 3.341666666666666674e-01
2.149999999999999967e-01 1.074999999999999983e-01 6.250000000000000000e-02 6.149999999999999911e-01
1.566666666666666763e-01 7.291666666666666297e-01 6.166666666666666824e-02 5.249999999999999806e-02
3.049999999999999933e-01 1.158333333333333298e-01 2.291666666666666574e-01 3.499999999999999778e-01
1.341666666666666563e-01 3.891666666666666607e-01 5.249999999999999806e-02 4.241666666666666918e-01
1.858333333333333226e-01 3.266666666666666607e-01 3.750000000000000000e-01 1.125000000000000028e-01
1.000000000000000056e-01 5.266666666666666163e-01 3.708333333333333481e-01 2.500000000000000052e-03
4.458333333333333592e-01 7.583333333333333592e-02 1.591666666666666785e-01 3.191666666666666541e-01
2.625000000000000111e-01 3.866666666666666585e-01 1.316666666666666541e-01 2.191666666666666763e-01
2.899999999999999800e-01 6.166666666666666963e-01 3.333333333333333287e-02 5.999999999999999778e-02
4.308333333333333459e-01 4.508333333333333082e-01 3.666666666666666685e-02 8.166666666666666519e-02
4.741666666666666807e-01 2.200000000000000011e-01 2.833333333333333190e-02 2.775000000000000244e-01
1.808333333333333459e-01 2.058333333333333404e-01 4.591666666666666674e-01 1.541666666666666741e-01
1.575000000000000011e-01 4.575000000000000178e-01 1.291666666666666796e-01 2.558333333333333570e-01
2.341666666666666619e-01 3.375000000000000222e-01 2.408333333333333437e-01 1.875000000000000000e-01
3.058333333333333459e-01 4.258333333333333415e-01 4.499999999999999833e-02 2.233333333333333282e-01
4.249999999999999889e-01 1.258333333333333248e-01 8.000000000000000167e-02 3.691666666666666430e-01
5.166666666666666630e-02 3.141666666666666496e-01 5.183333333333333126e-01 1.158333333333333298e-01
2.974999999999999867e-01 3.316666666666666652e-01 2.083333333333333426e-01 1.625000000000000056e-01
2.349999999999999867e-01 1.350000000000000089e-01 3.833333333333333592e-01 2.466666666666666730e-01
2.733333333333333171e-01 2.741666666666666696e-01 1.749999999999999889e-01 2.775000000000000244e-01
