9.666666666666666463e-02 9.500000000000000111e-02 1.224999999999999978e-01 6.858333333333332948e-01
2.266666666666666552e-01 1.524999999999999967e-01 1.916666666666666796e-01 4.291666666666666408e-01
4.575000000000000178e-01 2.866666666666666807e-01 1.824999999999999956e-01 7.333333333333333370e-02
2.575000000000000067e-01 3.233333333333333059e-01 3.133333333333333526e-01 1.058333333333333348e-01
5.983333333333333837e-01 1.074999999999999983e-01 8.250000000000000389e-02 2.116666666666666696e-01
3.950000000000000178e-01 1.058333333333333348e-01 1.191666666666666707e-01 3.800000000000000044e-01
6.166666666666666824e-02 8.833333333333333315e-02 6.999999999999999556e-01 1.499999999999999944e-01
2.866666666666666807e-01 7.833333333333333814e-02 2.250000000000000056e-01 4.099999999999999756e-01
1.049999999999999961e-01 5.041666666666666519e-01 1.774999999999999911e-01 2.133333333333333470e-01
3.425000000000000266e-01 2.091666666666666674e-01 7.916666666666666297e-02 3.691666666666666430e-01
1.008333333333333304e-01 5.999999999999999778e-02 1.341666666666666563e-01 7.049999999999999600e-01
5.333333333333333676e-02 1.983333333333333337e-01 3.800000000000000044e-01 3.683333333333333459e-01
2.308333333333333348e-01 2.849999999999999756e-01 5.999999999999999778e-02 4.241666666666666918e-01
1.658333333333333326e-01 3.383333333333333193e-01 3.408333333333333215e-01 1.549999999999999989e-01
1.666666666666666574e-01 4.416666666666666657e-02 4.299999999999999933e-01 3.591666666666666896e-01
2.133333333333333470e-01 8.083333333333332649e-02 3.166666666666666519e-01 3.891666666666666607e-01
5.333333333333333676e-02 3.024999999999999911e-01 3.491666666666666807e-01 2.949999999999999845e-01
2.824999999999999734e-01 2.266666666666666552e-01 4.191666666666666874e-01 7.166666666666667018e-02
6.125000000000000444e-01 5.249999999999999806e-02 2.083333333333333426e-01 1.266666666666666774e-01
2.991666666666666918e-01 1.441666666666666652e-01 4.716666666666666785e-01 8.500000000000000611e-02
1.250000000000000000e-01 1.958333333333333315e-01 1.375000000000000111e-01 5.416666666666666297e-01
