1.224999999999999978e-01 4.400000000000000022e-01 5.916666666666666602e-02 3.783333333333333548e-01
3.341666666666666674e-01 7.916666666666666297e-02 1.400000000000000133e-01 4.466666666666666563e-01
1.008333333333333304e-01 2.833333333333333190e-02 4.433333333333333570e-01 4.274999999999999911e-01
1.908333333333333270e-01 1.325000000000000067e-01 4.416666666666666519e-01 2.349999999999999867e-01
2.641666666666666607e-01 3.316666666666666652e-01 3.416666666666666463e-02 3.699999999999999956e-01
4.774999999999999800e-01 1.083333333333333370e-02 1.133333333333333276e-01 3.983333333333333171e-01
3.791666666666666519e-01 4.741666666666666807e-01 1.275000000000000022e-01 1.916666666666666519e-02
7.583333333333333592e-02 3.341666666666666674e-01 3.341666666666666674e-01 2.558333333333333570e-01
5.666666666666666380e-02 1.000000000000000056e-01 1.516666666666666718e-01 6.916666666666666519e-01
6.833333333333332926e-02 2.424999999999999933e-01 3.699999999999999956e-01 3.191666666666666541e-01
3.033333333333333437e-01 2.741666666666666696e-01 6.833333333333332926e-02 3.541666666666666852e-01
2.416666666666666616e-02 6.583333333333333259e-01 3.033333333333333437e-01 1.416666666666666595e-02
8.749999999999999445e-02 3.258333333333333082e-01 3.833333333333333592e-01 2.033333333333333381e-01
2.916666666666666852e-01 2.591666666666666563e-01 3.400000000000000244e-01 1.091666666666666619e-01
6.750000000000000444e-02 2.641666666666666607e-01 5.233333333333333171e-01 1.449999999999999900e-01
2.866666666666666807e-01 1.916666666666666796e-01 4.274999999999999911e-01 9.416666666666666241e-02
9.416666666666666241e-02 1.741666666666666641e-01 3.233333333333333059e-01 4.083333333333333259e-01
7.016666666666666607e-01 1.033333333333333326e-01 1.833333333333333343e-02 1.766666666666666663e-01
3.175000000000000044e-01 2.200000000000000011e-01 1.400000000000000133e-01 3.225000000000000089e-01
