2.474999999999999978e-01 1.558333333333333237e-01 6.916666666666666796e-02 5.274999999999999689e-01
1.891666666666666774e-01 4.924999999999999933e-01 1.208333333333333343e-01 1.975000000000000089e-01
3.766666666666666496e-01 2.858333333333333282e-01 1.916666666666666796e-01 1.458333333333333426e-01
1.033333333333333326e-01 1.716666666666666619e-01 4.091666666666666785e-01 3.158333333333333548e-01
2.275000000000000078e-01 1.591666666666666785e-01 4.066666666666666763e-01 2.066666666666666652e-01
6.808333333333332904e-01 1.049999999999999961e-01 1.541666666666666741e-01 5.999999999999999778e-02
1.208333333333333343e-01 3.383333333333333193e-01 1.941666666666666541e-01 3.466666666666666785e-01
7.416666666666667240e-02 3.916666666666666630e-01 4.741666666666666807e-01 5.999999999999999778e-02
1.158333333333333298e-01 7.333333333333333370e-02 4.908333333333333437e-01 3.200000000000000067e-01
3.658333333333333437e-01 3.275000000000000133e-01 2.233333333333333282e-01 8.333333333333332871e-02
4.341666666666666452e-01 3.916666666666666907e-02 5.024999999999999467e-01 2.416666666666666616e-02
4.749999999999999778e-01 2.225000000000000033e-01 2.033333333333333381e-01 9.916666666666666685e-02
3.216666666666666563e-01 3.741666666666666474e-01 1.041666666666666713e-01 2.000000000000000111e-01
5.333333333333333676e-02 4.166666666666666609e-03 4.833333333333333370e-01 4.591666666666666674e-01
8.250000000000000389e-02 6.566666666666666208e-01 1.591666666666666785e-01 1.016666666666666691e-01
1.591666666666666785e-01 8.166666666666666519e-02 4.000000000000000222e-01 3.591666666666666896e-01
1.516666666666666718e-01 1.499999999999999944e-01 6.633333333333333304e-01 3.500000000000000333e-02
2.191666666666666763e-01 2.633333333333333082e-01 6.583333333333332704e-02 4.516666666666666607e-01
4.583333333333333010e-02 4.983333333333333504e-01 1.774999999999999911e-01 2.783333333333333215e-01
3.308333333333333126e-01 2.225000000000000033e-01 2.133333333333333470e-01 2.333333333333333370e-01
3.250000000000000111e-01 1.000000000000000056e-01 2.616666666666666585e-01 3.133333333333333526e-01
4.733333333333333282e-01 3.166666666666666935e-02 4.458333333333333592e-01 4.916666666666666408e-02
