1.908333333333333270e-01 3.283333333333333104e-01 1.750000000000000167e-02 4.633333333333333193e-01
2.491666666666666752e-01 9.166666666666666019e-02 4.266666666666666941e-01 2.325000000000000122e-01
1.133333333333333276e-01 5.833333333333333426e-02 2.241666666666666530e-01 6.041666666666666297e-01
1.350000000000000089e-01 1.283333333333333270e-01 6.441666666666666652e-01 9.249999999999999889e-02
2.183333333333333237e-01 3.483333333333333282e-01 2.433333333333333459e-01 1.900000000000000022e-01
3.508333333333333304e-01 3.008333333333333415e-01 5.416666666666666852e-02 2.941666666666666874e-01
1.533333333333333215e-01 3.916666666666666630e-01 1.183333333333333320e-01 3.366666666666666696e-01
5.833333333333333426e-02 5.183333333333333126e-01 3.624999999999999889e-01 6.083333333333333648e-02
3.300000000000000155e-01 3.749999999999999861e-02 5.541666666666666963e-01 7.833333333333333814e-02
1.666666666666666574e-01 2.200000000000000011e-01 2.633333333333333082e-01 3.499999999999999778e-01
6.899999999999999467e-01 7.499999999999999722e-02 7.083333333333333148e-02 1.641666666666666552e-01
4.375000000000000000e-01 6.500000000000000222e-02 1.858333333333333226e-01 3.116666666666666474e-01
2.116666666666666696e-01 1.508333333333333470e-01 5.616666666666666474e-01 7.583333333333333592e-02
4.750000000000000056e-02 6.624999999999999778e-01 2.541666666666666519e-01 3.583333333333333509e-02
4.333333333333333481e-02 8.833333333333333315e-02 1.108333333333333393e-01 7.574999999999999512e-01
1.366666666666666585e-01 2.858333333333333282e-01 4.724999999999999756e-01 1.049999999999999961e-01
2.641666666666666607e-01 1.116666666666666641e-01 4.924999999999999933e-01 1.316666666666666541e-01
5.358333333333333837e-01 1.716666666666666619e-01 1.983333333333333337e-01 9.416666666666666241e-02
4.691666666666666763e-01 2.291666666666666574e-01 1.808333333333333459e-01 1.208333333333333343e-01
