1.216666666666666730e-01 2.741666666666666696e-01 8.083333333333332649e-02 5.233333333333333171e-01
1.441666666666666652e-01 6.416666666666666352e-02 4.241666666666666918e-01 3.674999999999999933e-01
4.583333333333333010e-02 2.616666666666666585e-01 4.525000000000000133e-01 2.399999999999999911e-01
4.774999999999999800e-01 1.841666666666666730e-01 1.008333333333333304e-01 2.374999999999999889e-01
6.133333333333332860e-01 1.766666666666666663e-01 5.166666666666666630e-02 1.583333333333333259e-01
3.058333333333333459e-01 3.666666666666666685e-02 1.125000000000000028e-01 5.450000000000000400e-01
2.949999999999999845e-01 3.591666666666666896e-01 1.150000000000000050e-01 2.308333333333333348e-01
5.775000000000000133e-01 1.474999999999999922e-01 7.333333333333333370e-02 2.016666666666666607e-01
2.083333333333333426e-01 1.724999999999999867e-01 2.416666666666666685e-01 3.775000000000000022e-01
4.783333333333333326e-01 1.083333333333333370e-02 4.750000000000000056e-02 4.633333333333333193e-01
4.083333333333333259e-02 4.625000000000000222e-01 4.691666666666666763e-01 2.750000000000000014e-02
2.791666666666666741e-01 2.208333333333333259e-01 1.549999999999999989e-01 3.449999999999999734e-01
4.716666666666666785e-01 2.241666666666666530e-01 2.108333333333333448e-01 9.333333333333333759e-02
1.150000000000000050e-01 3.825000000000000067e-01 1.141666666666666663e-01 3.883333333333333082e-01
6.250000000000000000e-02 5.350000000000000311e-01 2.916666666666666852e-01 1.108333333333333393e-01
2.949999999999999845e-01 3.775000000000000022e-01 1.300000000000000044e-01 1.975000000000000089e-01
3.858333333333333059e-01 4.916666666666666408e-01 9.750000000000000333e-02 2.500000000000000139e-02
2.358333333333333393e-01 2.566666666666666541e-01 1.750000000000000167e-02 4.899999999999999911e-01
2.025000000000000133e-01 2.491666666666666752e-01 2.249999999999999917e-02 5.258333333333333748e-01
4.258333333333333415e-01 1.575000000000000011e-01 1.358333333333333337e-01 2.808333333333333237e-01
2.941666666666666874e-01 9.583333333333333981e-02 1.074999999999999983e-01 5.024999999999999467e-01
1.325000000000000067e-01 1.066666666666666735e-01 2.391666666666666663e-01 5.216666666666666119e-01
6.166666666666666824e-02 1.808333333333333459e-01 4.491666666666666585e-01 3.083333333333333481e-01
