1.041666666666666713e-01 5.283333333333333215e-01 5.083333333333333454e-02 3.166666666666666519e-01
4.458333333333333592e-01 1.250000000000000000e-01 3.400000000000000244e-01 8.916666666666667185e-02
5.416666666666666852e-02 4.108333333333333282e-01 1.424999999999999878e-01 3.925000000000000155e-01
3.333333333333333148e-01 3.225000000000000089e-01 1.925000000000000044e-01 1.516666666666666718e-01
5.666666666666666519e-01 1.533333333333333215e-01 2.458333333333333204e-01 3.416666666666666463e-02
2.308333333333333348e-01 2.841666666666666785e-01 2.800000000000000266e-01 2.049999999999999878e-01
1.116666666666666641e-01 6.025000000000000355e-01 2.633333333333333082e-01 2.249999999999999917e-02
2.041666666666666630e-01 4.166666666666666435e-02 2.333333333333333440e-02 7.308333333333333348e-01
3.683333333333333459e-01 1.266666666666666774e-01 6.666666666666666574e-02 4.383333333333333526e-01
3.566666666666666874e-01 2.408333333333333437e-01 5.333333333333333676e-02 3.491666666666666807e-01
2.666666666666666838e-02 7.749999999999999944e-02 5.733333333333333615e-01 3.225000000000000089e-01
3.225000000000000089e-01 4.949999999999999956e-01 1.424999999999999878e-01 4.000000000000000083e-02
8.583333333333333093e-02 2.949999999999999845e-01 4.550000000000000155e-01 1.641666666666666552e-01
2.608333333333333059e-01 2.991666666666666918e-01 1.300000000000000044e-01 3.099999999999999978e-01
7.000000000000000666e-02 3.258333333333333082e-01 1.016666666666666691e-01 5.024999999999999467e-01
2.008333333333333359e-01 1.549999999999999989e-01 8.916666666666667185e-02 5.550000000000000488e-01
1.183333333333333320e-01 3.291666666666666630e-01 1.100000000000000006e-01 4.425000000000000044e-01
1.091666666666666619e-01 1.799999999999999933e-01 4.666666666666666879e-02 6.641666666666666829e-01
2.941666666666666874e-01 6.250000000000000000e-02 3.975000000000000200e-01 2.458333333333333204e-01
3.233333333333333059e-01 1.083333333333333370e-01 1.449999999999999900e-01 4.233333333333333393e-01
5.033333333333332993e-01 2.383333333333333415e-01 1.958333333333333315e-01 6.250000000000000000e-02
