6.916666666666666796e-02 9.249999999999999889e-02 1.616666666666666530e-01 6.766666666666666385e-01
0.000000000000000000e+00 7.874999999999999778e-01 2.500000000000000139e-02 1.875000000000000000e-01
3.416666666666666741e-01 2.566666666666666541e-01 1.616666666666666530e-01 2.399999999999999911e-01
7.749999999999999944e-02 1.150000000000000050e-01 5.250000000000000222e-01 2.824999999999999734e-01
3.350000000000000200e-01 2.908333333333333326e-01 2.266666666666666552e-01 1.474999999999999922e-01
2.616666666666666585e-01 4.199999999999999845e-01 2.391666666666666663e-01 7.916666666666666297e-02
6.824999999999999956e-01 1.000000000000000021e-02 9.166666666666666019e-02 2.158333333333333215e-01
1.916666666666666796e-01 2.366666666666666641e-01 4.025000000000000244e-01 1.691666666666666596e-01
3.008333333333333415e-01 1.366666666666666585e-01 1.116666666666666641e-01 4.508333333333333082e-01
6.941666666666667096e-01 8.916666666666667185e-02 3.250000000000000111e-02 1.841666666666666730e-01
3.624999999999999889e-01 2.266666666666666552e-01 3.591666666666666896e-01 5.166666666666666630e-02
1.208333333333333343e-01 1.275000000000000022e-01 4.799999999999999822e-01 2.716666666666666674e-01
4.974999999999999978e-01 1.566666666666666763e-01 8.166666666666666519e-02 2.641666666666666607e-01
1.700000000000000122e-01 4.083333333333333259e-02 6.025000000000000355e-01 1.866666666666666752e-01
2.449999999999999956e-01 2.508333333333333526e-01 4.383333333333333526e-01 6.583333333333332704e-02
5.916666666666666602e-02 5.616666666666666474e-01 1.724999999999999867e-01 2.066666666666666652e-01
4.008333333333333193e-01 3.216666666666666563e-01 2.158333333333333215e-01 6.166666666666666824e-02
4.400000000000000022e-01 2.591666666666666563e-01 1.774999999999999911e-01 1.233333333333333365e-01
1.300000000000000044e-01 2.025000000000000133e-01 4.341666666666666452e-01 2.333333333333333370e-01
1.499999999999999944e-01 2.508333333333333526e-01 5.016666666666667052e-01 9.750000000000000333e-02
