7.191666666666666208e-01 3.333333333333333287e-02 6.333333333333333870e-02 1.841666666666666730e-01
7.674999999999999600e-01 7.916666666666666297e-02 1.183333333333333320e-01 3.500000000000000333e-02
2.291666666666666574e-01 1.350000000000000089e-01 2.258333333333333304e-01 4.099999999999999756e-01
1.749999999999999889e-01 4.083333333333333259e-02 5.683333333333333570e-01 2.158333333333333215e-01
3.500000000000000333e-02 4.816666666666666874e-01 2.333333333333333440e-02 4.600000000000000200e-01
1.041666666666666713e-01 1.858333333333333226e-01 3.316666666666666652e-01 3.783333333333333548e-01
6.416666666666666352e-02 2.841666666666666785e-01 3.308333333333333126e-01 3.208333333333333592e-01
2.091666666666666674e-01 3.583333333333333509e-02 2.258333333333333304e-01 5.291666666666666741e-01
3.624999999999999889e-01 2.283333333333333326e-01 1.675000000000000100e-01 2.416666666666666685e-01
1.141666666666666663e-01 2.766666666666666718e-01 3.858333333333333059e-01 2.233333333333333282e-01
5.541666666666666963e-01 6.083333333333333648e-02 1.575000000000000011e-01 2.275000000000000078e-01
2.833333333333333259e-01 3.458333333333333259e-01 2.750000000000000014e-02 3.433333333333333237e-01
2.808333333333333237e-01 5.249999999999999806e-02 1.483333333333333448e-01 5.183333333333333126e-01
2.133333333333333470e-01 2.366666666666666641e-01 1.108333333333333393e-01 4.391666666666666496e-01
1.033333333333333326e-01 3.283333333333333104e-01 2.725000000000000200e-01 2.958333333333333370e-01
1.024999999999999939e-01 7.416666666666666963e-01 2.249999999999999917e-02 1.333333333333333315e-01
4.124999999999999778e-01 2.600000000000000089e-01 2.233333333333333282e-01 1.041666666666666713e-01
1.758333333333333415e-01 4.899999999999999911e-01 2.325000000000000122e-01 1.016666666666666691e-01
4.141666666666666829e-01 1.749999999999999889e-01 1.600000000000000033e-01 2.508333333333333526e-01
7.333333333333333370e-02 3.341666666666666674e-01 1.891666666666666774e-01 4.033333333333333215e-01
4.400000000000000022e-01 2.958333333333333370e-01 1.766666666666666663e-01 8.749999999999999445e-02
5.716666666666666563e-01 2.200000000000000011e-01 1.758333333333333415e-01 3.250000000000000111e-02
