2.200000000000000011e-01 5.208333333333333703e-01 7.499999999999999722e-02 1.841666666666666730e-01
2.316666666666666596e-01 1.849999999999999978e-01 2.500000000000000052e-03 5.808333333333333126e-01
2.891666666666666829e-01 4.366666666666666474e-01 7.166666666666667018e-02 2.025000000000000133e-01
5.350000000000000311e-01 4.499999999999999833e-02 3.591666666666666896e-01 6.083333333333333648e-02
8.333333333333332871e-02 3.158333333333333548e-01 3.875000000000000111e-01 2.133333333333333470e-01
5.949999999999999734e-01 1.900000000000000022e-01 8.833333333333333315e-02 1.266666666666666774e-01
1.441666666666666652e-01 3.975000000000000200e-01 2.516666666666666496e-01 2.066666666666666652e-01
1.008333333333333304e-01 3.666666666666666685e-02 3.449999999999999734e-01 5.174999999999999600e-01
1.691666666666666596e-01 3.541666666666666852e-01 3.674999999999999933e-01 1.091666666666666619e-01
1.066666666666666735e-01 4.550000000000000155e-01 1.591666666666666785e-01 2.791666666666666741e-01
2.600000000000000089e-01 1.083333333333333370e-01 7.666666666666666075e-02 5.550000000000000488e-01
1.816666666666666707e-01 1.408333333333333381e-01 5.008333333333333526e-01 1.766666666666666663e-01
1.483333333333333448e-01 2.399999999999999911e-01 4.491666666666666585e-01 1.625000000000000056e-01
6.083333333333333648e-02 4.774999999999999800e-01 4.124999999999999778e-01 4.916666666666666408e-02
5.741666666666667140e-01 7.916666666666666297e-02 2.741666666666666696e-01 7.249999999999999500e-02
3.166666666666666935e-02 7.383333333333332860e-01 1.666666666666666574e-01 6.333333333333333870e-02
6.916666666666666796e-02 3.499999999999999778e-01 3.691666666666666430e-01 2.116666666666666696e-01
4.658333333333333215e-01 7.749999999999999944e-02 3.908333333333333104e-01 6.583333333333332704e-02
2.516666666666666496e-01 3.433333333333333237e-01 8.666666666666666963e-02 3.183333333333333570e-01
