9.500000000000000111e-02 6.341666666666666563e-01 1.733333333333333393e-01 9.750000000000000333e-02
1.849999999999999978e-01 2.566666666666666541e-01 2.974999999999999867e-01 2.608333333333333059e-01
3.058333333333333459e-01 9.333333333333333759e-02 5.725000000000000089e-01 2.833333333333333190e-02
7.083333333333333148e-02 5.691666666666667096e-01 3.216666666666666563e-01 3.833333333333333037e-02
2.033333333333333381e-01 1.758333333333333415e-01 8.250000000000000389e-02 5.383333333333333304e-01
1.616666666666666530e-01 2.708333333333333148e-01 3.091666666666666452e-01 2.583333333333333592e-01
1.408333333333333381e-01 9.833333333333332815e-02 2.041666666666666630e-01 5.566666666666666430e-01
5.333333333333333676e-02 3.791666666666666519e-01 1.666666666666666574e-01 4.008333333333333193e-01
1.824999999999999956e-01 5.000000000000000278e-02 4.858333333333333393e-01 2.816666666666666763e-01
4.733333333333333282e-01 2.216666666666666785e-01 2.058333333333333404e-01 9.916666666666666685e-02
1.916666666666666796e-01 7.249999999999999500e-02 3.533333333333333326e-01 3.825000000000000067e-01
4.199999999999999845e-01 1.774999999999999911e-01 1.358333333333333337e-01 2.666666666666666630e-01
3.375000000000000222e-01 4.583333333333333148e-01 1.816666666666666707e-01 2.249999999999999917e-02
2.216666666666666785e-01 7.000000000000000666e-02 3.699999999999999956e-01 3.383333333333333193e-01
2.416666666666666616e-02 6.875000000000000000e-01 1.074999999999999983e-01 1.808333333333333459e-01
6.833333333333332926e-02 5.083333333333333454e-02 7.000000000000000666e-02 8.108333333333332948e-01
2.591666666666666563e-01 6.666666666666666574e-02 2.066666666666666652e-01 4.675000000000000266e-01
3.616666666666666918e-01 9.666666666666666463e-02 2.675000000000000155e-01 2.741666666666666696e-01
5.658333333333332993e-01 1.891666666666666774e-01 1.883333333333333248e-01 5.666666666666666380e-02
3.016666666666666941e-01 2.041666666666666630e-01 1.774999999999999911e-01 3.166666666666666519e-01
1.791666666666666685e-01 2.391666666666666663e-01 3.591666666666666896e-01 2.225000000000000033e-01
2.533333333333333548e-01 3.633333333333333415e-01 7.249999999999999500e-02 3.108333333333333504e-01
4.166666666666666435e-02 8.333333333333332871e-02 2.991666666666666918e-01 5.758333333333333082e-01
