5.716666666666666563e-01 6.416666666666666352e-02 8.749999999999999445e-02 2.766666666666666718e-01
3.166666666666666519e-01 5.583333333333333204e-02 8.166666666666666519e-02 5.458333333333332815e-01
1.658333333333333326e-01 2.566666666666666541e-01 3.266666666666666607e-01 2.508333333333333526e-01
7.000000000000000666e-02 2.958333333333333370e-01 3.566666666666666874e-01 2.775000000000000244e-01
2.283333333333333326e-01 6.241666666666666474e-01 8.999999999999999667e-02 5.750000000000000250e-02
5.208333333333333703e-01 2.650000000000000133e-01 2.000000000000000042e-02 1.941666666666666541e-01
1.041666666666666713e-01 3.658333333333333437e-01 1.616666666666666530e-01 3.683333333333333459e-01
4.008333333333333193e-01 4.591666666666666674e-01 5.249999999999999806e-02 8.749999999999999445e-02
2.641666666666666607e-01 3.825000000000000067e-01 2.683333333333333126e-01 8.500000000000000611e-02
1.250000000000000000e-01 2.800000000000000266e-01 3.466666666666666785e-01 2.483333333333333226e-01
1.250000000000000069e-02 6.824999999999999956e-01 3.166666666666666935e-02 2.733333333333333171e-01
4.841666666666666896e-01 1.266666666666666774e-01 2.500000000000000000e-01 1.391666666666666607e-01
9.249999999999999889e-02 3.708333333333333481e-01 7.666666666666666075e-02 4.600000000000000200e-01
1.125000000000000028e-01 2.725000000000000200e-01 5.116666666666667140e-01 1.033333333333333326e-01
3.291666666666666630e-01 2.958333333333333370e-01 3.616666666666666918e-01 1.333333333333333419e-02
6.666666666666666574e-02 1.283333333333333270e-01 2.550000000000000044e-01 5.500000000000000444e-01
7.833333333333333814e-02 1.141666666666666663e-01 5.124999999999999556e-01 2.949999999999999845e-01
2.999999999999999889e-02 5.875000000000000222e-01 2.033333333333333381e-01 1.791666666666666685e-01
1.366666666666666585e-01 6.366666666666667140e-01 2.016666666666666607e-01 2.500000000000000139e-02
2.049999999999999878e-01 3.416666666666666741e-01 5.999999999999999778e-02 3.933333333333333126e-01
