5.641666666666667052e-01 1.691666666666666596e-01 1.383333333333333359e-01 1.283333333333333270e-01
1.424999999999999878e-01 1.366666666666666585e-01 3.058333333333333459e-01 4.149999999999999800e-01
1.208333333333333343e-01 2.183333333333333237e-01 3.066666666666666430e-01 3.541666666666666852e-01
6.250000000000000000e-02 2.666666666666666630e-01 6.125000000000000444e-01 5.833333333333333426e-02
1.700000000000000122e-01 4.099999999999999756e-01 3.758333333333333526e-01 4.416666666666666657e-02
5.383333333333333304e-01 8.583333333333333093e-02 3.474999999999999756e-01 2.833333333333333190e-02
1.350000000000000089e-01 4.616666666666666696e-01 2.116666666666666696e-01 1.916666666666666796e-01
3.566666666666666874e-01 1.100000000000000006e-01 3.891666666666666607e-01 1.441666666666666652e-01
1.333333333333333419e-02 3.008333333333333415e-01 9.666666666666666463e-02 5.891666666666666163e-01
9.166666666666666713e-03 4.899999999999999911e-01 5.583333333333333204e-02 4.450000000000000067e-01
3.066666666666666430e-01 2.233333333333333282e-01 3.791666666666666519e-01 9.083333333333333537e-02
7.483333333333332948e-01 1.916666666666666519e-02 7.666666666666666075e-02 1.558333333333333237e-01
5.583333333333333204e-02 6.316666666666667096e-01 2.008333333333333359e-01 1.116666666666666641e-01
1.591666666666666785e-01 3.533333333333333326e-01 9.083333333333333537e-02 3.966666666666666674e-01
8.833333333333333315e-02 2.691666666666666652e-01 4.349999999999999978e-01 2.074999999999999900e-01
7.000000000000000666e-02 1.991666666666666585e-01 3.125000000000000000e-01 4.183333333333333348e-01
3.800000000000000044e-01 1.625000000000000056e-01 3.658333333333333437e-01 9.166666666666666019e-02
3.266666666666666607e-01 9.083333333333333537e-02 2.058333333333333404e-01 3.766666666666666496e-01
1.275000000000000022e-01 3.975000000000000200e-01 1.858333333333333226e-01 2.891666666666666829e-01
3.750000000000000000e-01 1.158333333333333298e-01 1.000000000000000056e-01 4.091666666666666785e-01
2.374999999999999889e-01 4.941666666666666430e-01 1.199999999999999956e-01 1.483333333333333448e-01
1.925000000000000044e-01 4.941666666666666430e-01 2.124999999999999944e-01 1.008333333333333304e-01
5.916666666666666602e-02 1.350000000000000089e-01 2.983333333333333393e-01 5.074999999999999512e-01
