5.141666666666666607e-01 2.275000000000000078e-01 2.200000000000000011e-01 3.833333333333333037e-02
2.000000000000000042e-02 2.208333333333333259e-01 1.300000000000000044e-01 6.291666666666666519e-01
2.700000000000000178e-01 4.349999999999999978e-01 1.408333333333333381e-01 1.541666666666666741e-01
4.916666666666666408e-02 3.474999999999999756e-01 2.716666666666666674e-01 3.316666666666666652e-01
3.541666666666666852e-01 2.775000000000000244e-01 5.583333333333333204e-02 3.125000000000000000e-01
7.916666666666666297e-02 3.991666666666666696e-01 1.325000000000000067e-01 3.891666666666666607e-01
3.008333333333333415e-01 5.641666666666667052e-01 2.083333333333333218e-02 1.141666666666666663e-01
3.566666666666666874e-01 3.483333333333333282e-01 1.566666666666666763e-01 1.383333333333333359e-01
2.508333333333333526e-01 2.966666666666666896e-01 1.108333333333333393e-01 3.416666666666666741e-01
4.716666666666666785e-01 1.499999999999999944e-02 7.583333333333333592e-02 4.375000000000000000e-01
2.899999999999999800e-01 2.041666666666666630e-01 5.500000000000000028e-02 4.508333333333333082e-01
2.750000000000000222e-01 7.583333333333333592e-02 4.083333333333333259e-01 2.408333333333333437e-01
5.833333333333333703e-01 1.008333333333333304e-01 2.083333333333333426e-01 1.074999999999999983e-01
8.749999999999999445e-02 5.583333333333333204e-02 6.608333333333333837e-01 1.958333333333333315e-01
1.391666666666666607e-01 6.466666666666666119e-01 1.074999999999999983e-01 1.066666666666666735e-01
6.416666666666666352e-02 4.916666666666666408e-01 2.841666666666666785e-01 1.600000000000000033e-01
1.966666666666666563e-01 3.466666666666666785e-01 3.616666666666666918e-01 9.500000000000000111e-02
2.733333333333333171e-01 3.958333333333333148e-01 1.491666666666666696e-01 1.816666666666666707e-01
1.125000000000000028e-01 2.516666666666666496e-01 5.483333333333333393e-01 8.749999999999999445e-02
3.933333333333333126e-01 5.166666666666666630e-02 4.124999999999999778e-01 1.424999999999999878e-01
1.866666666666666752e-01 8.416666666666666741e-02 1.516666666666666718e-01 5.775000000000000133e-01
1.641666666666666552e-01 3.066666666666666430e-01 3.908333333333333104e-01 1.383333333333333359e-01
6.266666666666667052e-01 9.750000000000000333e-02 1.766666666666666663e-01 9.916666666666666685e-02
