5.666666666666666380e-02 1.483333333333333448e-01 5.166666666666667185e-01 2.783333333333333215e-01
1.183333333333333320e-01 3.524999999999999800e-01 2.683333333333333126e-01 2.608333333333333059e-01
1.933333333333333293e-01 3.266666666666666607e-01 3.766666666666666496e-01 1.033333333333333326e-01
1.016666666666666691e-01 1.116666666666666641e-01 3.225000000000000089e-01 4.641666666666666718e-01
3.975000000000000200e-01 1.766666666666666663e-01 2.675000000000000155e-01 1.583333333333333259e-01
3.975000000000000200e-01 1.925000000000000044e-01 4.016666666666666718e-01 8.333333333333333218e-03
4.433333333333333570e-01 5.249999999999999806e-02 1.575000000000000011e-01 3.466666666666666785e-01
1.416666666666666595e-02 6.041666666666666297e-01 1.208333333333333343e-01 2.608333333333333059e-01
7.416666666666667240e-02 3.366666666666666696e-01 3.591666666666666896e-01 2.300000000000000100e-01
2.108333333333333448e-01 4.958333333333333481e-01 2.091666666666666674e-01 8.416666666666666741e-02
1.266666666666666774e-01 7.749999999999999944e-02 2.716666666666666674e-01 5.241666666666666696e-01
3.333333333333333287e-02 3.749999999999999861e-02 1.666666666666666644e-02 9.124999999999999778e-01
4.491666666666666585e-01 2.225000000000000033e-01 1.841666666666666730e-01 1.441666666666666652e-01
3.158333333333333548e-01 2.924999999999999822e-01 2.058333333333333404e-01 1.858333333333333226e-01
1.858333333333333226e-01 3.066666666666666430e-01 3.350000000000000200e-01 1.724999999999999867e-01
4.758333333333333304e-01 2.058333333333333404e-01 1.183333333333333320e-01 2.000000000000000111e-01
2.291666666666666574e-01 3.500000000000000333e-02 2.750000000000000014e-02 7.083333333333333703e-01
1.808333333333333459e-01 1.933333333333333293e-01 7.916666666666666297e-02 5.466666666666666341e-01
1.341666666666666563e-01 8.500000000000000611e-02 5.391666666666666829e-01 2.416666666666666685e-01
1.100000000000000006e-01 4.183333333333333348e-01 1.983333333333333337e-01 2.733333333333333171e-01
