7.833333333333333814e-02 2.466666666666666730e-01 5.191666666666666652e-01 1.558333333333333237e-01
1.499999999999999944e-02 1.958333333333333315e-01 7.824999999999999734e-01 6.666666666666667095e-03
1.575000000000000011e-01 2.449999999999999956e-01 5.608333333333332948e-01 3.666666666666666685e-02
4.550000000000000155e-01 2.633333333333333082e-01 1.958333333333333315e-01 8.583333333333333093e-02
4.166666666666666435e-02 2.083333333333333426e-01 1.449999999999999900e-01 6.049999999999999822e-01
9.666666666666666463e-02 3.383333333333333193e-01 2.750000000000000222e-01 2.899999999999999800e-01
6.833333333333332926e-02 1.400000000000000133e-01 5.024999999999999467e-01 2.891666666666666829e-01
2.874999999999999778e-01 2.500000000000000000e-01 2.533333333333333548e-01 2.091666666666666674e-01
3.825000000000000067e-01 6.250000000000000000e-02 2.416666666666666685e-01 3.133333333333333526e-01
2.600000000000000089e-01 1.824999999999999956e-01 4.816666666666666874e-01 7.583333333333333592e-02
3.491666666666666807e-01 2.474999999999999978e-01 1.516666666666666718e-01 2.516666666666666496e-01
1.975000000000000089e-01 5.258333333333333748e-01 2.300000000000000100e-01 4.666666666666666879e-02
1.391666666666666607e-01 3.208333333333333592e-01 5.324999999999999734e-01 7.499999999999999722e-03
4.400000000000000022e-01 4.750000000000000056e-02 1.724999999999999867e-01 3.400000000000000244e-01
3.991666666666666696e-01 2.241666666666666530e-01 2.141666666666666718e-01 1.625000000000000056e-01
5.224999999999999645e-01 1.424999999999999878e-01 1.708333333333333370e-01 1.641666666666666552e-01
1.849999999999999978e-01 1.691666666666666596e-01 2.424999999999999933e-01 4.033333333333333215e-01
2.383333333333333415e-01 1.166666666666666720e-02 2.316666666666666596e-01 5.183333333333333126e-01
2.316666666666666596e-01 1.008333333333333304e-01 4.666666666666666879e-02 6.208333333333333481e-01
2.383333333333333415e-01 2.675000000000000155e-01 2.183333333333333237e-01 2.758333333333333193e-01
5.833333333333333703e-01 7.499999999999999722e-02 1.849999999999999978e-01 1.566666666666666763e-01
5.524999999999999911e-01 1.583333333333333259e-01 1.158333333333333298e-01 1.733333333333333393e-01
