2.558333333333333570e-01 1.916666666666666796e-01 1.833333333333333343e-02 5.341666666666666785e-01
7.083333333333333148e-02 2.666666666666666630e-01 4.758333333333333304e-01 1.866666666666666752e-01
1.499999999999999944e-01 1.983333333333333337e-01 3.358333333333333171e-01 3.158333333333333548e-01
3.674999999999999933e-01 4.625000000000000222e-01 1.350000000000000089e-01 3.500000000000000333e-02
1.758333333333333415e-01 8.000000000000000167e-02 2.116666666666666696e-01 5.324999999999999734e-01
2.383333333333333415e-01 3.950000000000000178e-01 2.416666666666666685e-01 1.250000000000000000e-01
2.458333333333333204e-01 1.208333333333333343e-01 3.733333333333333504e-01 2.600000000000000089e-01
3.216666666666666563e-01 2.083333333333333426e-01 3.716666666666666452e-01 9.833333333333332815e-02
3.833333333333333592e-01 1.566666666666666763e-01 3.325000000000000178e-01 1.275000000000000022e-01
2.383333333333333415e-01 8.583333333333333093e-02 2.266666666666666552e-01 4.491666666666666585e-01
1.833333333333333343e-02 3.049999999999999933e-01 2.191666666666666763e-01 4.575000000000000178e-01
7.116666666666666696e-01 8.583333333333333093e-02 9.083333333333333537e-02 1.116666666666666641e-01
3.850000000000000089e-01 4.341666666666666452e-01 1.633333333333333304e-01 1.750000000000000167e-02
2.241666666666666530e-01 5.333333333333333676e-02 4.749999999999999778e-01 2.474999999999999978e-01
2.966666666666666896e-01 4.766666666666666829e-01 8.000000000000000167e-02 1.466666666666666674e-01
4.466666666666666563e-01 1.016666666666666691e-01 3.350000000000000200e-01 1.166666666666666685e-01
3.216666666666666563e-01 4.666666666666666879e-02 6.250000000000000000e-02 5.691666666666667096e-01
2.966666666666666896e-01 2.883333333333333304e-01 1.758333333333333415e-01 2.391666666666666663e-01
5.750000000000000250e-02 6.416666666666667185e-01 2.458333333333333204e-01 5.500000000000000028e-02
3.633333333333333415e-01 6.416666666666666352e-02 2.266666666666666552e-01 3.458333333333333259e-01
1.275000000000000022e-01 3.474999999999999756e-01 4.841666666666666896e-01 4.083333333333333259e-02
4.341666666666666452e-01 2.049999999999999878e-01 3.191666666666666541e-01 4.166666666666666435e-02
1.208333333333333343e-01 6.166666666666666824e-02 7.449999999999999956e-01 7.249999999999999500e-02
