5.558333333333332904e-01 8.833333333333333315e-02 2.816666666666666763e-01 7.416666666666667240e-02
4.250000000000000305e-02 1.900000000000000022e-01 2.941666666666666874e-01 4.733333333333333282e-01
7.000000000000000666e-02 7.399999999999999911e-01 9.166666666666666019e-02 9.833333333333332815e-02
4.583333333333333148e-01 7.583333333333333592e-02 1.749999999999999889e-01 2.908333333333333326e-01
4.966666666666666452e-01 2.083333333333333426e-01 9.666666666666666463e-02 1.983333333333333337e-01
2.349999999999999867e-01 3.558333333333333348e-01 3.233333333333333059e-01 8.583333333333333093e-02
1.766666666666666663e-01 7.208333333333333259e-01 4.166666666666666435e-02 6.083333333333333648e-02
2.058333333333333404e-01 3.850000000000000089e-01 1.083333333333333370e-01 3.008333333333333415e-01
3.683333333333333459e-01 1.933333333333333293e-01 1.199999999999999956e-01 3.183333333333333570e-01
3.316666666666666652e-01 1.449999999999999900e-01 1.199999999999999956e-01 4.033333333333333215e-01
4.000000000000000083e-02 1.866666666666666752e-01 1.791666666666666685e-01 5.941666666666666208e-01
2.508333333333333526e-01 2.516666666666666496e-01 4.841666666666666896e-01 1.333333333333333419e-02
6.583333333333332704e-02 5.766666666666666607e-01 5.916666666666666602e-02 2.983333333333333393e-01
9.333333333333333759e-02 1.733333333333333393e-01 5.949999999999999734e-01 1.383333333333333359e-01
4.349999999999999978e-01 4.333333333333333481e-02 4.324999999999999956e-01 8.916666666666667185e-02
1.141666666666666663e-01 1.683333333333333348e-01 1.933333333333333293e-01 5.241666666666666696e-01
2.341666666666666619e-01 9.500000000000000111e-02 4.274999999999999911e-01 2.433333333333333459e-01
4.508333333333333082e-01 2.433333333333333459e-01 2.249999999999999917e-02 2.833333333333333259e-01
2.558333333333333570e-01 4.375000000000000000e-01 1.100000000000000006e-01 1.966666666666666563e-01
5.166666666666666630e-02 2.383333333333333415e-01 2.458333333333333204e-01 4.641666666666666718e-01
