1.491666666666666696e-01 5.949999999999999734e-01 1.933333333333333293e-01 6.250000000000000000e-02
2.233333333333333282e-01 9.500000000000000111e-02 4.783333333333333326e-01 2.033333333333333381e-01
1.474999999999999922e-01 2.349999999999999867e-01 2.149999999999999967e-01 4.025000000000000244e-01
2.750000000000000222e-01 4.708333333333333259e-01 1.833333333333333204e-01 7.083333333333333148e-02
6.949999999999999512e-01 6.166666666666666824e-02 1.716666666666666619e-01 7.166666666666667018e-02
2.791666666666666741e-01 3.816666666666666541e-01 2.750000000000000222e-01 6.416666666666666352e-02
2.333333333333333440e-02 7.000000000000000666e-02 1.491666666666666696e-01 7.574999999999999512e-01
4.416666666666666657e-02 3.099999999999999978e-01 2.158333333333333215e-01 4.299999999999999933e-01
5.991666666666666252e-01 4.750000000000000056e-02 1.791666666666666685e-01 1.741666666666666641e-01
3.166666666666666935e-02 4.274999999999999911e-01 1.724999999999999867e-01 3.683333333333333459e-01
6.308333333333333570e-01 1.199999999999999956e-01 1.716666666666666619e-01 7.749999999999999944e-02
2.541666666666666519e-01 4.249999999999999889e-01 1.291666666666666796e-01 1.916666666666666796e-01
3.583333333333333370e-01 3.350000000000000200e-01 1.824999999999999956e-01 1.241666666666666613e-01
4.324999999999999956e-01 1.483333333333333448e-01 3.541666666666666852e-01 6.500000000000000222e-02
1.283333333333333270e-01 2.908333333333333326e-01 2.474999999999999978e-01 3.333333333333333148e-01
8.250000000000000389e-02 4.249999999999999889e-01 2.116666666666666696e-01 2.808333333333333237e-01
1.750000000000000167e-02 2.166666666666666741e-01 6.833333333333332926e-02 6.975000000000000089e-01
2.766666666666666718e-01 1.516666666666666718e-01 9.833333333333332815e-02 4.733333333333333282e-01
2.708333333333333148e-01 3.049999999999999933e-01 3.683333333333333459e-01 5.583333333333333204e-02
