6.250000000000000000e-02 1.133333333333333276e-01 3.483333333333333282e-01 4.758333333333333304e-01
1.058333333333333348e-01 2.849999999999999756e-01 3.208333333333333592e-01 2.883333333333333304e-01
1.300000000000000044e-01 3.916666666666666907e-02 4.650000000000000244e-01 3.658333333333333437e-01
3.808333333333333570e-01 4.341666666666666452e-01 1.408333333333333381e-01 4.416666666666666657e-02
2.733333333333333171e-01 3.558333333333333348e-01 3.316666666666666652e-01 3.916666666666666907e-02
2.041666666666666630e-01 2.816666666666666763e-01 4.391666666666666496e-01 7.499999999999999722e-02
4.958333333333333481e-01 4.833333333333333232e-02 6.416666666666666352e-02 3.916666666666666630e-01
3.649999999999999911e-01 1.266666666666666774e-01 3.341666666666666674e-01 1.741666666666666641e-01
9.224999999999999867e-01 4.583333333333333010e-02 2.000000000000000042e-02 1.166666666666666720e-02
3.166666666666666519e-01 2.691666666666666652e-01 1.100000000000000006e-01 3.041666666666666408e-01
1.166666666666666720e-02 1.791666666666666685e-01 7.499999999999999722e-02 7.341666666666666341e-01
6.333333333333333037e-01 9.583333333333333981e-02 6.583333333333332704e-02 2.049999999999999878e-01
2.158333333333333215e-01 4.466666666666666563e-01 1.716666666666666619e-01 1.658333333333333326e-01
1.141666666666666663e-01 1.266666666666666774e-01 2.383333333333333415e-01 5.208333333333333703e-01
4.133333333333333304e-01 2.291666666666666574e-01 2.091666666666666674e-01 1.483333333333333448e-01
2.091666666666666674e-01 3.808333333333333570e-01 2.766666666666666718e-01 1.333333333333333315e-01
1.533333333333333215e-01 2.608333333333333059e-01 6.583333333333332704e-02 5.200000000000000178e-01
1.341666666666666563e-01 5.291666666666666741e-01 1.333333333333333315e-01 2.033333333333333381e-01
8.666666666666666963e-02 1.024999999999999939e-01 3.708333333333333481e-01 4.400000000000000022e-01
