1.366666666666666585e-01 5.158333333333333659e-01 7.916666666666666297e-02 2.683333333333333126e-01
1.166666666666666685e-01 5.666666666666666380e-02 7.858333333333333837e-01 4.083333333333333259e-02
3.333333333333333148e-01 2.033333333333333381e-01 9.666666666666666463e-02 3.666666666666666408e-01
2.716666666666666674e-01 2.933333333333333348e-01 8.416666666666666741e-02 3.508333333333333304e-01
3.275000000000000133e-01 2.016666666666666607e-01 3.941666666666666652e-01 7.666666666666666075e-02
2.758333333333333193e-01 1.383333333333333359e-01 3.341666666666666674e-01 2.516666666666666496e-01
9.833333333333332815e-02 1.600000000000000033e-01 6.058333333333333348e-01 1.358333333333333337e-01
1.283333333333333270e-01 6.700000000000000400e-01 9.500000000000000111e-02 1.066666666666666735e-01
5.333333333333333676e-02 3.658333333333333437e-01 1.458333333333333426e-01 4.349999999999999978e-01
1.383333333333333359e-01 2.316666666666666596e-01 1.358333333333333337e-01 4.941666666666666430e-01
2.958333333333333370e-01 7.666666666666666075e-02 3.583333333333333509e-02 5.916666666666666741e-01
2.233333333333333282e-01 1.666666666666666574e-01 2.550000000000000044e-01 3.549999999999999822e-01
1.333333333333333419e-02 4.133333333333333304e-01 1.616666666666666530e-01 4.116666666666666807e-01
3.008333333333333415e-01 2.625000000000000111e-01 3.666666666666666685e-02 4.000000000000000222e-01
1.033333333333333326e-01 5.483333333333333393e-01 2.833333333333333259e-01 6.500000000000000222e-02
1.100000000000000006e-01 3.200000000000000067e-01 8.916666666666667185e-02 4.808333333333333348e-01
1.183333333333333320e-01 5.666666666666666519e-01 1.191666666666666707e-01 1.958333333333333315e-01
2.116666666666666696e-01 1.150000000000000050e-01 4.908333333333333437e-01 1.824999999999999956e-01
1.016666666666666691e-01 2.074999999999999900e-01 5.966666666666666785e-01 9.416666666666666241e-02
1.824999999999999956e-01 2.158333333333333215e-01 1.150000000000000050e-01 4.866666666666666918e-01
5.408333333333333881e-01 8.166666666666666519e-02 4.666666666666666879e-02 3.308333333333333126e-01
