7.116666666666666696e-01 4.083333333333333259e-02 2.233333333333333282e-01 2.416666666666666616e-02
1.950000000000000067e-01 3.800000000000000044e-01 3.041666666666666408e-01 1.208333333333333343e-01
7.000000000000000666e-02 3.516666666666666829e-01 5.583333333333333481e-01 2.000000000000000042e-02
4.641666666666666718e-01 9.583333333333333981e-02 9.333333333333333759e-02 3.466666666666666785e-01
2.416666666666666685e-01 4.749999999999999778e-01 7.499999999999999722e-02 2.083333333333333426e-01
4.591666666666666674e-01 1.783333333333333437e-01 1.716666666666666619e-01 1.908333333333333270e-01
4.183333333333333348e-01 1.983333333333333337e-01 1.125000000000000028e-01 2.708333333333333148e-01
1.950000000000000067e-01 2.958333333333333370e-01 7.833333333333333814e-02 4.308333333333333459e-01
3.116666666666666474e-01 1.700000000000000122e-01 2.974999999999999867e-01 2.208333333333333259e-01
2.583333333333333315e-02 3.516666666666666829e-01 2.383333333333333415e-01 3.841666666666666563e-01
1.650000000000000078e-01 2.808333333333333237e-01 1.583333333333333467e-02 5.383333333333333304e-01
4.833333333333333232e-02 2.374999999999999889e-01 2.849999999999999756e-01 4.291666666666666408e-01
3.375000000000000222e-01 2.508333333333333526e-01 3.583333333333333370e-01 5.333333333333333676e-02
4.816666666666666874e-01 8.000000000000000167e-02 2.416666666666666616e-02 4.141666666666666829e-01
1.224999999999999978e-01 1.658333333333333326e-01 1.449999999999999900e-01 5.666666666666666519e-01
2.916666666666666713e-02 2.583333333333333592e-01 1.708333333333333370e-01 5.416666666666666297e-01
1.191666666666666707e-01 2.074999999999999900e-01 4.666666666666666741e-01 2.066666666666666652e-01
3.250000000000000111e-02 3.958333333333333148e-01 1.024999999999999939e-01 4.691666666666666763e-01
5.941666666666666208e-01 2.824999999999999734e-01 4.583333333333333010e-02 7.749999999999999944e-02
4.233333333333333393e-01 5.666666666666666380e-02 9.333333333333333759e-02 4.266666666666666941e-01
