1.333333333333333419e-02 1.216666666666666730e-01 3.825000000000000067e-01 4.824999999999999845e-01
5.191666666666666652e-01 1.783333333333333437e-01 1.483333333333333448e-01 1.541666666666666741e-01
6.608333333333333837e-01 1.483333333333333448e-01 1.474999999999999922e-01 4.333333333333333481e-02
3.125000000000000000e-01 1.400000000000000133e-01 1.758333333333333415e-01 3.716666666666666452e-01
1.891666666666666774e-01 3.658333333333333437e-01 2.366666666666666641e-01 2.083333333333333426e-01
5.750000000000000250e-02 1.641666666666666552e-01 9.833333333333332815e-02 6.800000000000000488e-01
3.291666666666666630e-01 3.500000000000000333e-02 5.424999999999999822e-01 9.333333333333333759e-02
9.500000000000000111e-02 1.125000000000000028e-01 2.208333333333333259e-01 5.716666666666666563e-01
2.099999999999999922e-01 2.500000000000000139e-02 4.583333333333333010e-02 7.191666666666666208e-01
4.458333333333333592e-01 4.166666666666666852e-01 4.499999999999999833e-02 9.249999999999999889e-02
8.666666666666666963e-02 2.283333333333333326e-01 5.633333333333333526e-01 1.216666666666666730e-01
7.583333333333333592e-02 4.000000000000000083e-02 2.949999999999999845e-01 5.891666666666666163e-01
1.841666666666666730e-01 3.925000000000000155e-01 3.358333333333333171e-01 8.749999999999999445e-02
