5.833333333333333703e-01 1.808333333333333459e-01 7.916666666666666297e-02 1.566666666666666763e-01
2.625000000000000111e-01 1.250000000000000000e-01 1.833333333333333343e-02 5.941666666666666208e-01
1.724999999999999867e-01 6.116666666666666918e-01 2.016666666666666607e-01 1.416666666666666595e-02
2.708333333333333148e-01 1.608333333333333282e-01 3.258333333333333082e-01 2.424999999999999933e-01
7.916666666666666297e-02 4.083333333333333259e-01 2.441666666666666707e-01 2.683333333333333126e-01
1.375000000000000111e-01 8.166666666666666519e-02 3.641666666666666941e-01 4.166666666666666852e-01
4.833333333333333370e-01 3.216666666666666563e-01 1.091666666666666619e-01 8.583333333333333093e-02
2.516666666666666496e-01 1.266666666666666774e-01 3.916666666666666907e-02 5.825000000000000178e-01
3.058333333333333459e-01 1.633333333333333304e-01 1.116666666666666641e-01 4.191666666666666874e-01
5.750000000000000250e-02 4.974999999999999978e-01 2.916666666666666852e-01 1.533333333333333215e-01
8.999999999999999667e-02 2.833333333333333190e-02 2.408333333333333437e-01 6.408333333333333659e-01
1.758333333333333415e-01 4.924999999999999933e-01 1.391666666666666607e-01 1.925000000000000044e-01
1.416666666666666595e-02 3.441666666666666763e-01 1.000000000000000021e-02 6.316666666666667096e-01
1.633333333333333304e-01 1.333333333333333315e-01 2.083333333333333218e-02 6.824999999999999956e-01
