2.000000000000000042e-02 4.675000000000000266e-01 4.699999999999999734e-01 4.250000000000000305e-02
7.275000000000000355e-01 1.250000000000000000e-01 3.583333333333333509e-02 1.116666666666666641e-01
4.183333333333333348e-01 1.833333333333333343e-02 5.366666666666666252e-01 2.666666666666666838e-02
2.758333333333333193e-01 1.166666666666666685e-01 5.649999999999999467e-01 4.250000000000000305e-02
5.750000000000000250e-02 3.758333333333333526e-01 3.541666666666666852e-01 2.124999999999999944e-01
1.391666666666666607e-01 2.016666666666666607e-01 2.391666666666666663e-01 4.199999999999999845e-01
4.583333333333333010e-02 6.199999999999999956e-01 2.600000000000000089e-01 7.416666666666667240e-02
4.933333333333333459e-01 3.333333333333333287e-02 2.166666666666666741e-01 2.566666666666666541e-01
3.333333333333333287e-02 6.791666666666666963e-01 2.741666666666666696e-01 1.333333333333333419e-02
2.200000000000000011e-01 4.316666666666666430e-01 1.700000000000000122e-01 1.783333333333333437e-01
9.583333333333333981e-02 1.650000000000000078e-01 3.850000000000000089e-01 3.541666666666666852e-01
4.541666666666666630e-01 2.658333333333333104e-01 1.858333333333333226e-01 9.416666666666666241e-02
1.133333333333333276e-01 1.558333333333333237e-01 3.341666666666666674e-01 3.966666666666666674e-01
1.524999999999999967e-01 7.083333333333333148e-02 6.916666666666666519e-01 8.500000000000000611e-02
3.966666666666666674e-01 3.541666666666666852e-01 1.766666666666666663e-01 7.249999999999999500e-02
2.541666666666666519e-01 2.783333333333333215e-01 3.033333333333333437e-01 1.641666666666666552e-01
2.716666666666666674e-01 4.149999999999999800e-01 1.650000000000000078e-01 1.483333333333333448e-01
4.766666666666666829e-01 2.433333333333333459e-01 1.150000000000000050e-01 1.650000000000000078e-01
3.008333333333333415e-01 4.774999999999999800e-01 1.516666666666666718e-01 7.000000000000000666e-02
4.283333333333333437e-01 2.541666666666666519e-01 7.749999999999999944e-02 2.399999999999999911e-01
