1.716666666666666619e-01 3.508333333333333304e-01 3.583333333333333509e-02 4.416666666666666519e-01
6.666666666666666574e-02 4.533333333333333104e-01 3.674999999999999933e-01 1.125000000000000028e-01
2.141666666666666718e-01 1.049999999999999961e-01 6.149999999999999911e-01 6.583333333333332704e-02
2.225000000000000033e-01 4.291666666666666408e-01 1.449999999999999900e-01 2.033333333333333381e-01
3.750000000000000000e-01 1.091666666666666619e-01 3.275000000000000133e-01 1.883333333333333248e-01
5.191666666666666652e-01 2.133333333333333470e-01 6.666666666666667095e-03 2.608333333333333059e-01
2.200000000000000011e-01 6.500000000000000222e-02 6.716666666666666341e-01 4.333333333333333481e-02
1.474999999999999922e-01 5.141666666666666607e-01 1.141666666666666663e-01 2.241666666666666530e-01
3.074999999999999956e-01 2.958333333333333370e-01 9.083333333333333537e-02 3.058333333333333459e-01
3.749999999999999861e-02 2.891666666666666829e-01 1.008333333333333304e-01 5.725000000000000089e-01
3.508333333333333304e-01 8.000000000000000167e-02 4.666666666666666879e-02 5.224999999999999645e-01
3.275000000000000133e-01 3.041666666666666408e-01 2.116666666666666696e-01 1.566666666666666763e-01
4.641666666666666718e-01 2.166666666666666741e-02 3.674999999999999933e-01 1.466666666666666674e-01
1.524999999999999967e-01 2.166666666666666741e-01 5.424999999999999822e-01 8.833333333333333315e-02
3.500000000000000333e-02 6.108333333333333393e-01 3.016666666666666941e-01 5.249999999999999806e-02
4.724999999999999756e-01 1.158333333333333298e-01 3.333333333333333287e-02 3.783333333333333548e-01
1.499999999999999944e-01 8.416666666666666741e-02 2.133333333333333470e-01 5.524999999999999911e-01
2.741666666666666696e-01 3.016666666666666941e-01 9.249999999999999889e-02 3.316666666666666652e-01
6.049999999999999822e-01 7.916666666666666297e-02 1.858333333333333226e-01 1.300000000000000044e-01
3.391666666666666718e-01 1.991666666666666585e-01 2.525000000000000022e-01 2.091666666666666674e-01
3.549999999999999822e-01 1.891666666666666774e-01 2.916666666666666852e-01 1.641666666666666552e-01
5.174999999999999600e-01 2.133333333333333470e-01 1.633333333333333304e-01 1.058333333333333348e-01
2.800000000000000266e-01 4.833333333333333232e-02 3.058333333333333459e-01 3.658333333333333437e-01
