1.824999999999999956e-01 5.024999999999999467e-01 2.983333333333333393e-01 1.666666666666666644e-02
1.208333333333333343e-01 2.358333333333333393e-01 2.533333333333333548e-01 3.900000000000000133e-01
3.516666666666666829e-01 3.408333333333333215e-01 2.683333333333333126e-01 3.916666666666666907e-02
4.208333333333333370e-01 2.300000000000000100e-01 1.749999999999999889e-01 1.741666666666666641e-01
4.266666666666666941e-01 1.074999999999999983e-01 3.791666666666666519e-01 8.666666666666666963e-02
1.233333333333333365e-01 1.533333333333333215e-01 4.816666666666666874e-01 2.416666666666666685e-01
3.783333333333333548e-01 3.250000000000000111e-02 3.716666666666666452e-01 2.174999999999999989e-01
7.083333333333333148e-02 2.800000000000000266e-01 1.849999999999999978e-01 4.641666666666666718e-01
1.808333333333333459e-01 4.916666666666666408e-02 4.916666666666666408e-02 7.208333333333333259e-01
2.608333333333333059e-01 9.333333333333333759e-02 2.858333333333333282e-01 3.599999999999999867e-01
1.416666666666666630e-01 1.575000000000000011e-01 2.133333333333333470e-01 4.874999999999999889e-01
2.591666666666666563e-01 1.166666666666666685e-01 2.133333333333333470e-01 4.108333333333333282e-01
4.949999999999999956e-01 3.658333333333333437e-01 6.416666666666666352e-02 7.499999999999999722e-02
1.391666666666666607e-01 5.775000000000000133e-01 1.250000000000000069e-02 2.708333333333333148e-01
6.750000000000000444e-02 3.674999999999999933e-01 4.199999999999999845e-01 1.449999999999999900e-01
3.216666666666666563e-01 3.416666666666666741e-01 2.750000000000000222e-01 6.166666666666666824e-02
2.275000000000000078e-01 5.833333333333333703e-01 1.241666666666666613e-01 6.500000000000000222e-02
2.174999999999999989e-01 2.233333333333333282e-01 4.716666666666666785e-01 8.749999999999999445e-02
7.916666666666666297e-02 3.866666666666666585e-01 3.049999999999999933e-01 2.291666666666666574e-01
2.999999999999999889e-02 3.649999999999999911e-01 1.441666666666666652e-01 4.608333333333333171e-01
1.033333333333333326e-01 1.341666666666666563e-01 2.258333333333333304e-01 5.366666666666666252e-01
5.600000000000000533e-01 2.791666666666666741e-01 2.916666666666666713e-02 1.316666666666666541e-01
8.583333333333333093e-02 3.833333333333333037e-02 1.758333333333333415e-01 6.999999999999999556e-01
