6.250000000000000000e-02 3.850000000000000089e-01 1.916666666666666519e-02 5.333333333333333259e-01
4.924999999999999933e-01 2.049999999999999878e-01 2.141666666666666718e-01 8.833333333333333315e-02
1.424999999999999878e-01 3.166666666666666519e-01 2.783333333333333215e-01 2.625000000000000111e-01
2.225000000000000033e-01 3.200000000000000067e-01 1.600000000000000033e-01 2.974999999999999867e-01
4.166666666666666852e-01 1.366666666666666585e-01 2.508333333333333526e-01 1.958333333333333315e-01
9.666666666666666463e-02 1.849999999999999978e-01 5.383333333333333304e-01 1.799999999999999933e-01
1.941666666666666541e-01 4.933333333333333459e-01 2.558333333333333570e-01 5.666666666666666380e-02
1.250000000000000000e-01 1.074999999999999983e-01 4.058333333333333237e-01 3.616666666666666918e-01
4.583333333333333010e-02 1.083333333333333370e-01 6.566666666666666208e-01 1.891666666666666774e-01
1.224999999999999978e-01 7.824999999999999734e-01 9.166666666666666019e-02 3.333333333333333547e-03
8.166666666666666519e-02 8.500000000000000611e-02 7.249999999999999500e-02 7.608333333333333615e-01
3.508333333333333304e-01 1.449999999999999900e-01 3.425000000000000266e-01 1.616666666666666530e-01
4.058333333333333237e-01 3.499999999999999778e-01 1.016666666666666691e-01 1.424999999999999878e-01
5.116666666666667140e-01 4.291666666666666408e-01 2.416666666666666616e-02 3.500000000000000333e-02
3.041666666666666408e-01 2.358333333333333393e-01 1.508333333333333470e-01 3.091666666666666452e-01
8.333333333333332871e-02 1.125000000000000028e-01 7.008333333333333082e-01 1.033333333333333326e-01
2.541666666666666519e-01 4.391666666666666496e-01 5.750000000000000250e-02 2.491666666666666752e-01
1.125000000000000028e-01 9.583333333333333981e-02 4.000000000000000222e-01 3.916666666666666630e-01
