5.558333333333332904e-01 2.383333333333333415e-01 1.100000000000000006e-01 9.583333333333333981e-02
6.091666666666666341e-01 7.666666666666666075e-02 2.858333333333333282e-01 2.833333333333333190e-02
5.083333333333333037e-01 2.983333333333333393e-01 1.033333333333333326e-01 8.999999999999999667e-02
3.858333333333333059e-01 5.249999999999999806e-02 2.091666666666666674e-01 3.524999999999999800e-01
5.750000000000000250e-02 4.333333333333333481e-01 3.833333333333333592e-01 1.258333333333333248e-01
1.358333333333333337e-01 3.416666666666666741e-01 2.575000000000000067e-01 2.650000000000000133e-01
4.675000000000000266e-01 4.583333333333333010e-02 2.141666666666666718e-01 2.725000000000000200e-01
2.124999999999999944e-01 5.699999999999999512e-01 5.916666666666666602e-02 1.583333333333333259e-01
5.208333333333333703e-01 1.433333333333333404e-01 2.991666666666666918e-01 3.666666666666666685e-02
3.008333333333333415e-01 1.958333333333333315e-01 4.533333333333333104e-01 5.000000000000000278e-02
4.991666666666666474e-01 2.416666666666666616e-02 3.558333333333333348e-01 1.208333333333333343e-01
1.975000000000000089e-01 2.399999999999999911e-01 2.733333333333333171e-01 2.891666666666666829e-01
1.975000000000000089e-01 1.416666666666666630e-01 3.308333333333333126e-01 3.300000000000000155e-01
2.458333333333333204e-01 6.600000000000000311e-01 6.500000000000000222e-02 2.916666666666666713e-02
8.250000000000000389e-02 4.066666666666666763e-01 3.074999999999999956e-01 2.033333333333333381e-01
3.724999999999999978e-01 1.283333333333333270e-01 4.466666666666666563e-01 5.249999999999999806e-02
2.300000000000000100e-01 1.258333333333333248e-01 7.583333333333333592e-02 5.683333333333333570e-01
3.200000000000000067e-01 4.683333333333333237e-01 7.083333333333333148e-02 1.408333333333333381e-01
2.466666666666666730e-01 1.774999999999999911e-01 2.616666666666666585e-01 3.141666666666666496e-01
1.966666666666666563e-01 3.041666666666666408e-01 1.474999999999999922e-01 3.516666666666666829e-01
4.266666666666666941e-01 5.999999999999999778e-02 3.775000000000000022e-01 1.358333333333333337e-01
1.458333333333333426e-01 4.333333333333333481e-02 3.033333333333333437e-01 5.074999999999999512e-01
5.983333333333333837e-01 2.999999999999999889e-02 2.091666666666666674e-01 1.625000000000000056e-01
