1.558333333333333237e-01 2.283333333333333326e-01 2.833333333333333190e-02 5.875000000000000222e-01
2.999999999999999889e-02 1.549999999999999989e-01 2.091666666666666674e-01 6.058333333333333348e-01
3.583333333333333370e-01 2.091666666666666674e-01 7.416666666666667240e-02 3.583333333333333370e-01
3.766666666666666496e-01 8.250000000000000389e-02 1.291666666666666796e-01 4.116666666666666807e-01
8.416666666666666741e-02 1.391666666666666607e-01 6.758333333333332860e-01 1.008333333333333304e-01
1.591666666666666785e-01 1.575000000000000011e-01 2.300000000000000100e-01 4.533333333333333104e-01
2.141666666666666718e-01 4.774999999999999800e-01 4.666666666666666879e-02 2.616666666666666585e-01
1.824999999999999956e-01 2.808333333333333237e-01 3.733333333333333504e-01 1.633333333333333304e-01
1.683333333333333348e-01 2.741666666666666696e-01 7.166666666666667018e-02 4.858333333333333393e-01
7.141666666666666163e-01 5.000000000000000104e-03 4.666666666666666879e-02 2.341666666666666619e-01
1.508333333333333470e-01 3.916666666666666907e-02 3.400000000000000244e-01 4.699999999999999734e-01
1.433333333333333404e-01 5.174999999999999600e-01 1.941666666666666541e-01 1.449999999999999900e-01
1.700000000000000122e-01 5.566666666666666430e-01 2.633333333333333082e-01 1.000000000000000021e-02
5.250000000000000222e-01 2.291666666666666574e-01 1.049999999999999961e-01 1.408333333333333381e-01
3.833333333333333037e-02 1.499999999999999944e-01 3.633333333333333415e-01 4.483333333333333059e-01
1.958333333333333315e-01 4.116666666666666807e-01 1.625000000000000056e-01 2.300000000000000100e-01
1.700000000000000122e-01 5.283333333333333215e-01 2.058333333333333404e-01 9.583333333333333981e-02
4.400000000000000022e-01 1.100000000000000006e-01 3.333333333333333148e-01 1.166666666666666685e-01
1.133333333333333276e-01 4.849999999999999867e-01 3.008333333333333415e-01 1.008333333333333304e-01
3.391666666666666718e-01 7.333333333333333370e-02 4.550000000000000155e-01 1.325000000000000067e-01
9.666666666666666463e-02 2.225000000000000033e-01 1.191666666666666707e-01 5.616666666666666474e-01
1.383333333333333359e-01 2.149999999999999967e-01 3.158333333333333548e-01 3.308333333333333126e-01
