5.091666666666666563e-01 4.416666666666666657e-02 4.324999999999999956e-01 1.416666666666666595e-02
2.550000000000000044e-01 3.658333333333333437e-01 1.391666666666666607e-01 2.399999999999999911e-01
1.424999999999999878e-01 2.725000000000000200e-01 5.200000000000000178e-01 6.500000000000000222e-02
3.816666666666666541e-01 1.875000000000000000e-01 3.524999999999999800e-01 7.833333333333333814e-02
2.691666666666666652e-01 4.016666666666666718e-01 1.575000000000000011e-01 1.716666666666666619e-01
4.249999999999999889e-01 2.666666666666666838e-02 1.733333333333333393e-01 3.750000000000000000e-01
7.666666666666666075e-02 2.958333333333333370e-01 2.133333333333333470e-01 4.141666666666666829e-01
1.350000000000000089e-01 1.849999999999999978e-01 1.925000000000000044e-01 4.874999999999999889e-01
1.058333333333333348e-01 3.891666666666666607e-01 4.016666666666666718e-01 1.033333333333333326e-01
2.258333333333333304e-01 4.749999999999999778e-01 4.916666666666666408e-02 2.500000000000000000e-01
2.249999999999999917e-02 6.600000000000000311e-01 1.908333333333333270e-01 1.266666666666666774e-01
5.274999999999999689e-01 9.249999999999999889e-02 9.500000000000000111e-02 2.849999999999999756e-01
5.441666666666666874e-01 2.999999999999999889e-01 9.666666666666666463e-02 5.916666666666666602e-02
2.949999999999999845e-01 3.474999999999999756e-01 2.308333333333333348e-01 1.266666666666666774e-01
1.133333333333333276e-01 3.775000000000000022e-01 2.174999999999999989e-01 2.916666666666666852e-01
4.466666666666666563e-01 1.441666666666666652e-01 3.699999999999999956e-01 3.916666666666666907e-02
2.358333333333333393e-01 1.449999999999999900e-01 2.091666666666666674e-01 4.099999999999999756e-01
3.141666666666666496e-01 6.916666666666666796e-02 1.441666666666666652e-01 4.724999999999999756e-01
3.958333333333333148e-01 1.558333333333333237e-01 1.316666666666666541e-01 3.166666666666666519e-01
1.858333333333333226e-01 5.091666666666666563e-01 2.666666666666666630e-01 3.833333333333333037e-02
5.083333333333333454e-02 3.366666666666666696e-01 4.450000000000000067e-01 1.675000000000000100e-01
1.208333333333333343e-01 1.041666666666666713e-01 1.408333333333333381e-01 6.341666666666666563e-01
2.866666666666666807e-01 8.000000000000000167e-02 5.324999999999999734e-01 1.008333333333333304e-01
