4.250000000000000305e-02 1.216666666666666730e-01 4.675000000000000266e-01 3.683333333333333459e-01
2.658333333333333104e-01 6.850000000000000533e-01 4.333333333333333481e-02 5.833333333333333599e-03
2.300000000000000100e-01 2.041666666666666630e-01 3.858333333333333059e-01 1.799999999999999933e-01
4.874999999999999889e-01 1.033333333333333326e-01 2.891666666666666829e-01 1.199999999999999956e-01
1.783333333333333437e-01 2.608333333333333059e-01 1.941666666666666541e-01 3.666666666666666408e-01
4.099999999999999756e-01 4.400000000000000022e-01 1.024999999999999939e-01 4.750000000000000056e-02
4.299999999999999933e-01 3.958333333333333148e-01 3.083333333333333412e-02 1.433333333333333404e-01
3.558333333333333348e-01 2.941666666666666874e-01 1.474999999999999922e-01 2.025000000000000133e-01
6.083333333333333648e-02 4.141666666666666829e-01 2.000000000000000111e-01 3.250000000000000111e-01
5.000000000000000104e-03 2.650000000000000133e-01 6.774999999999999911e-01 5.249999999999999806e-02
2.191666666666666763e-01 8.083333333333332649e-02 3.341666666666666674e-01 3.658333333333333437e-01
1.283333333333333270e-01 3.074999999999999956e-01 2.550000000000000044e-01 3.091666666666666452e-01
5.108333333333333615e-01 3.341666666666666674e-01 5.833333333333333426e-02 9.666666666666666463e-02
1.733333333333333393e-01 5.991666666666666252e-01 2.166666666666666741e-02 2.058333333333333404e-01
4.149999999999999800e-01 1.549999999999999989e-01 1.816666666666666707e-01 2.483333333333333226e-01
5.424999999999999822e-01 3.666666666666666685e-02 1.433333333333333404e-01 2.775000000000000244e-01
3.816666666666666541e-01 6.250000000000000000e-02 2.491666666666666752e-01 3.066666666666666430e-01
1.866666666666666752e-01 3.666666666666666685e-02 3.749999999999999861e-02 7.391666666666666385e-01
2.933333333333333348e-01 7.083333333333333148e-02 4.241666666666666918e-01 2.116666666666666696e-01
