1.375000000000000111e-01 6.916666666666666796e-02 1.391666666666666607e-01 6.541666666666666741e-01
1.291666666666666796e-01 3.191666666666666541e-01 3.458333333333333259e-01 2.058333333333333404e-01
3.516666666666666829e-01 1.474999999999999922e-01 1.941666666666666541e-01 3.066666666666666430e-01
1.841666666666666730e-01 2.666666666666666838e-02 5.300000000000000266e-01 2.591666666666666563e-01
1.191666666666666707e-01 9.833333333333332815e-02 4.016666666666666718e-01 3.808333333333333570e-01
4.158333333333333326e-01 1.950000000000000067e-01 2.999999999999999889e-01 8.916666666666667185e-02
2.916666666666666852e-01 2.333333333333333370e-01 4.233333333333333393e-01 5.166666666666666630e-02
5.833333333333333426e-02 6.250000000000000000e-02 4.358333333333333504e-01 4.433333333333333570e-01
1.166666666666666685e-01 5.291666666666666741e-01 1.366666666666666585e-01 2.174999999999999989e-01
6.333333333333333870e-02 2.591666666666666563e-01 3.150000000000000022e-01 3.624999999999999889e-01
2.083333333333333426e-01 4.208333333333333370e-01 8.333333333333332871e-02 2.874999999999999778e-01
1.683333333333333348e-01 2.941666666666666874e-01 2.500000000000000139e-02 5.124999999999999556e-01
6.083333333333333648e-02 5.583333333333333204e-02 3.541666666666666852e-01 5.291666666666666741e-01
1.941666666666666541e-01 6.300000000000000044e-01 6.916666666666666796e-02 1.066666666666666735e-01
6.750000000000000444e-01 1.600000000000000033e-01 7.249999999999999500e-02 9.249999999999999889e-02
4.491666666666666585e-01 7.000000000000000666e-02 8.333333333333333218e-03 4.724999999999999756e-01
5.666666666666666380e-02 4.558333333333333126e-01 2.333333333333333370e-01 2.541666666666666519e-01
1.208333333333333343e-01 1.858333333333333226e-01 1.000000000000000056e-01 5.933333333333333792e-01
3.058333333333333459e-01 8.500000000000000611e-02 1.533333333333333215e-01 4.558333333333333126e-01
