4.941666666666666430e-01 1.100000000000000006e-01 3.258333333333333082e-01 7.000000000000000666e-02
1.641666666666666552e-01 2.208333333333333259e-01 4.566666666666666652e-01 1.583333333333333259e-01
6.049999999999999822e-01 1.241666666666666613e-01 1.158333333333333298e-01 1.549999999999999989e-01
3.466666666666666785e-01 9.666666666666666463e-02 8.250000000000000389e-02 4.741666666666666807e-01
1.650000000000000078e-01 3.533333333333333326e-01 2.166666666666666741e-01 2.650000000000000133e-01
5.574999999999999956e-01 2.675000000000000155e-01 1.916666666666666519e-02 1.558333333333333237e-01
8.749999999999999445e-02 4.891666666666666941e-01 5.500000000000000028e-02 3.683333333333333459e-01
2.583333333333333592e-01 5.783333333333333659e-01 1.916666666666666519e-02 1.441666666666666652e-01
2.099999999999999922e-01 6.666666666666667095e-03 5.041666666666666519e-01 2.791666666666666741e-01
2.558333333333333570e-01 4.899999999999999911e-01 1.000000000000000056e-01 1.541666666666666741e-01
3.233333333333333059e-01 3.266666666666666607e-01 1.883333333333333248e-01 1.616666666666666530e-01
2.841666666666666785e-01 3.541666666666666852e-01 2.983333333333333393e-01 6.333333333333333870e-02
1.749999999999999889e-01 1.508333333333333470e-01 1.533333333333333215e-01 5.208333333333333703e-01
3.866666666666666585e-01 1.799999999999999933e-01 2.783333333333333215e-01 1.549999999999999989e-01
2.608333333333333059e-01 4.741666666666666807e-01 1.424999999999999878e-01 1.224999999999999978e-01
4.391666666666666496e-01 2.766666666666666718e-01 1.708333333333333370e-01 1.133333333333333276e-01
3.250000000000000111e-01 1.858333333333333226e-01 1.666666666666666644e-02 4.724999999999999756e-01
1.650000000000000078e-01 3.733333333333333504e-01 2.966666666666666896e-01 1.650000000000000078e-01
1.174999999999999933e-01 8.033333333333333437e-01 5.249999999999999806e-02 2.666666666666666838e-02
3.666666666666666408e-01 7.166666666666667018e-02 4.025000000000000244e-01 1.591666666666666785e-01
1.091666666666666619e-01 9.833333333333332815e-02 3.841666666666666563e-01 4.083333333333333259e-01
7.083333333333333148e-02 3.208333333333333592e-01 2.999999999999999889e-02 5.783333333333333659e-01
4.558333333333333126e-01 7.333333333333333370e-02 2.083333333333333426e-01 2.625000000000000111e-01
