6.466666666666666119e-01 6.083333333333333648e-02 1.691666666666666596e-01 1.233333333333333365e-01
1.625000000000000056e-01 1.166666666666666685e-01 5.208333333333333703e-01 2.000000000000000111e-01
8.583333333333333093e-02 4.833333333333333232e-02 7.083333333333333148e-02 7.950000000000000400e-01
2.208333333333333259e-01 1.741666666666666641e-01 3.825000000000000067e-01 2.225000000000000033e-01
1.916666666666666796e-01 3.591666666666666896e-01 2.099999999999999922e-01 2.391666666666666663e-01
6.774999999999999911e-01 1.183333333333333320e-01 7.166666666666667018e-02 1.325000000000000067e-01
7.308333333333333348e-01 1.183333333333333320e-01 6.333333333333333870e-02 8.749999999999999445e-02
6.916666666666666796e-02 7.616666666666667140e-01 7.666666666666666075e-02 9.249999999999999889e-02
7.166666666666667018e-02 1.375000000000000111e-01 6.741666666666666918e-01 1.166666666666666685e-01
1.591666666666666785e-01 1.591666666666666785e-01 5.016666666666667052e-01 1.799999999999999933e-01
7.166666666666667018e-02 6.433333333333333126e-01 1.091666666666666619e-01 1.758333333333333415e-01
2.149999999999999967e-01 3.133333333333333526e-01 1.791666666666666685e-01 2.924999999999999822e-01
7.583333333333333037e-01 6.916666666666666796e-02 9.416666666666666241e-02 7.833333333333333814e-02
1.925000000000000044e-01 2.466666666666666730e-01 3.524999999999999800e-01 2.083333333333333426e-01
1.458333333333333426e-01 1.641666666666666552e-01 5.450000000000000400e-01 1.449999999999999900e-01
2.083333333333333426e-01 3.724999999999999978e-01 2.133333333333333470e-01 2.058333333333333404e-01
1.300000000000000044e-01 1.549999999999999989e-01 1.591666666666666785e-01 5.558333333333332904e-01
5.258333333333333748e-01 1.833333333333333204e-01 1.133333333333333276e-01 1.774999999999999911e-01
9.833333333333332815e-02 6.783333333333333437e-01 1.033333333333333326e-01 1.199999999999999956e-01
9.333333333333333759e-02 7.475000000000000533e-01 9.916666666666666685e-02 5.999999999999999778e-02
5.883333333333333748e-01 1.591666666666666785e-01 1.233333333333333365e-01 1.291666666666666796e-01
5.691666666666667096e-01 1.541666666666666741e-01 1.375000000000000111e-01 1.391666666666666607e-01
