4.741666666666666807e-01 5.666666666666666380e-02 7.499999999999999722e-02 3.941666666666666652e-01
4.158333333333333326e-01 2.325000000000000122e-01 8.666666666666666963e-02 2.650000000000000133e-01
3.699999999999999956e-01 1.224999999999999978e-01 1.583333333333333259e-01 3.491666666666666807e-01
1.141666666666666663e-01 1.908333333333333270e-01 6.674999999999999822e-01 2.750000000000000014e-02
8.166666666666666519e-02 6.333333333333333870e-02 1.816666666666666707e-01 6.733333333333333393e-01
3.283333333333333104e-01 2.166666666666666741e-02 1.233333333333333365e-01 5.266666666666666163e-01
5.883333333333333748e-01 1.208333333333333343e-01 2.300000000000000100e-01 6.083333333333333648e-02
1.641666666666666552e-01 1.650000000000000078e-01 7.083333333333333148e-02 5.999999999999999778e-01
4.633333333333333193e-01 2.616666666666666585e-01 1.700000000000000122e-01 1.049999999999999961e-01
3.533333333333333326e-01 4.916666666666666408e-01 3.333333333333333287e-02 1.216666666666666730e-01
2.941666666666666874e-01 1.000000000000000021e-02 6.550000000000000266e-01 4.083333333333333259e-02
5.116666666666667140e-01 6.500000000000000222e-02 2.266666666666666552e-01 1.966666666666666563e-01
2.058333333333333404e-01 1.474999999999999922e-01 4.533333333333333104e-01 1.933333333333333293e-01
9.166666666666666019e-02 4.441666666666666541e-01 3.474999999999999756e-01 1.166666666666666685e-01
2.383333333333333415e-01 4.174999999999999822e-01 1.141666666666666663e-01 2.300000000000000100e-01
7.583333333333333592e-02 4.608333333333333171e-01 8.416666666666666741e-02 3.791666666666666519e-01
1.891666666666666774e-01 1.516666666666666718e-01 5.383333333333333304e-01 1.208333333333333343e-01
3.016666666666666941e-01 3.074999999999999956e-01 3.049999999999999933e-01 8.583333333333333093e-02
2.049999999999999878e-01 4.191666666666666874e-01 2.808333333333333237e-01 9.500000000000000111e-02
