2.074999999999999900e-01 9.166666666666666713e-03 5.591666666666667007e-01 2.241666666666666530e-01
3.900000000000000133e-01 7.749999999999999944e-02 3.591666666666666896e-01 1.733333333333333393e-01
2.500000000000000139e-02 4.625000000000000222e-01 4.299999999999999933e-01 8.250000000000000389e-02
1.116666666666666641e-01 3.891666666666666607e-01 2.625000000000000111e-01 2.366666666666666641e-01
1.991666666666666585e-01 5.249999999999999806e-02 2.349999999999999867e-01 5.133333333333333082e-01
5.725000000000000089e-01 2.049999999999999878e-01 2.149999999999999967e-01 7.499999999999999722e-03
1.658333333333333326e-01 6.283333333333332993e-01 1.300000000000000044e-01 7.583333333333333592e-02
1.166666666666666685e-01 3.175000000000000044e-01 1.591666666666666785e-01 4.066666666666666763e-01
3.500000000000000333e-02 7.049999999999999600e-01 1.591666666666666785e-01 1.008333333333333304e-01
2.566666666666666541e-01 2.666666666666666838e-02 2.941666666666666874e-01 4.224999999999999867e-01
2.116666666666666696e-01 1.925000000000000044e-01 4.291666666666666408e-01 1.666666666666666574e-01
4.958333333333333481e-01 1.133333333333333276e-01 2.258333333333333304e-01 1.650000000000000078e-01
1.791666666666666685e-01 1.275000000000000022e-01 4.508333333333333082e-01 2.424999999999999933e-01
2.858333333333333282e-01 5.208333333333333703e-01 1.499999999999999944e-01 4.333333333333333481e-02
7.208333333333333259e-01 7.000000000000000666e-02 1.741666666666666641e-01 3.500000000000000333e-02
1.116666666666666641e-01 3.049999999999999933e-01 2.958333333333333370e-01 2.874999999999999778e-01
5.833333333333333426e-02 3.099999999999999978e-01 4.008333333333333193e-01 2.308333333333333348e-01
2.241666666666666530e-01 2.141666666666666718e-01 5.166666666666667185e-01 4.499999999999999833e-02
5.116666666666667140e-01 1.033333333333333326e-01 8.999999999999999667e-02 2.949999999999999845e-01
