9.750000000000000333e-02 8.166666666666666519e-02 3.375000000000000222e-01 4.833333333333333370e-01
4.625000000000000222e-01 2.016666666666666607e-01 2.233333333333333282e-01 1.125000000000000028e-01
9.916666666666666685e-02 1.158333333333333298e-01 4.516666666666666607e-01 3.333333333333333148e-01
5.550000000000000488e-01 6.666666666666666574e-02 2.191666666666666763e-01 1.591666666666666785e-01
2.924999999999999822e-01 2.858333333333333282e-01 1.866666666666666752e-01 2.349999999999999867e-01
5.574999999999999956e-01 9.416666666666666241e-02 3.150000000000000022e-01 3.333333333333333287e-02
1.566666666666666763e-01 4.558333333333333126e-01 2.575000000000000067e-01 1.300000000000000044e-01
1.199999999999999956e-01 1.233333333333333365e-01 3.133333333333333526e-01 4.433333333333333570e-01
4.250000000000000305e-02 1.383333333333333359e-01 1.783333333333333437e-01 6.408333333333333659e-01
6.266666666666667052e-01 2.033333333333333381e-01 7.916666666666666297e-02 9.083333333333333537e-02
3.366666666666666696e-01 1.033333333333333326e-01 4.316666666666666430e-01 1.283333333333333270e-01
3.916666666666666907e-02 2.750000000000000222e-01 3.083333333333333481e-01 3.775000000000000022e-01
3.333333333333333148e-01 5.508333333333332860e-01 5.166666666666666630e-02 6.416666666666666352e-02
1.683333333333333348e-01 4.658333333333333215e-01 3.233333333333333059e-01 4.250000000000000305e-02
2.008333333333333359e-01 6.758333333333332860e-01 9.083333333333333537e-02 3.250000000000000111e-02
1.041666666666666713e-01 3.608333333333333393e-01 2.849999999999999756e-01 2.500000000000000000e-01
2.441666666666666707e-01 6.416666666666666352e-02 5.766666666666666607e-01 1.150000000000000050e-01
2.058333333333333404e-01 5.916666666666666602e-02 6.400000000000000133e-01 9.500000000000000111e-02
1.541666666666666741e-01 5.158333333333333659e-01 1.666666666666666574e-01 1.633333333333333304e-01
2.583333333333333592e-01 5.583333333333333204e-02 4.433333333333333570e-01 2.424999999999999933e-01
1.491666666666666696e-01 5.216666666666666119e-01 8.999999999999999667e-02 2.391666666666666663e-01
