1.341666666666666563e-01 1.250000000000000069e-02 8.441666666666666208e-01 9.166666666666666713e-03
1.416666666666666595e-02 8.583333333333333093e-02 7.425000000000000488e-01 1.575000000000000011e-01
3.683333333333333459e-01 1.283333333333333270e-01 3.150000000000000022e-01 1.883333333333333248e-01
3.749999999999999861e-02 3.241666666666666585e-01 3.883333333333333082e-01 2.500000000000000000e-01
4.416666666666666657e-02 5.116666666666667140e-01 2.849999999999999756e-01 1.591666666666666785e-01
5.949999999999999734e-01 5.666666666666666380e-02 1.816666666666666707e-01 1.666666666666666574e-01
1.058333333333333348e-01 3.716666666666666452e-01 3.258333333333333082e-01 1.966666666666666563e-01
3.316666666666666652e-01 5.058333333333333570e-01 5.416666666666666852e-02 1.083333333333333370e-01
1.325000000000000067e-01 5.033333333333332993e-01 1.700000000000000122e-01 1.941666666666666541e-01
1.433333333333333404e-01 2.750000000000000222e-01 1.600000000000000033e-01 4.216666666666666896e-01
9.750000000000000333e-02 2.966666666666666896e-01 2.566666666666666541e-01 3.491666666666666807e-01
1.400000000000000133e-01 1.058333333333333348e-01 3.499999999999999778e-01 4.041666666666666741e-01
9.166666666666666019e-02 5.666666666666666380e-02 3.200000000000000067e-01 5.316666666666666208e-01
3.599999999999999867e-01 1.925000000000000044e-01 4.149999999999999800e-01 3.250000000000000111e-02
1.824999999999999956e-01 9.416666666666666241e-02 3.750000000000000000e-01 3.483333333333333282e-01
1.708333333333333370e-01 3.216666666666666563e-01 2.016666666666666607e-01 3.058333333333333459e-01
6.616666666666666252e-01 8.583333333333333093e-02 1.316666666666666541e-01 1.208333333333333343e-01
2.183333333333333237e-01 2.258333333333333304e-01 1.774999999999999911e-01 3.783333333333333548e-01
3.250000000000000111e-02 4.541666666666666630e-01 7.666666666666666075e-02 4.366666666666666474e-01
2.383333333333333415e-01 4.391666666666666496e-01 1.833333333333333204e-01 1.391666666666666607e-01
3.333333333333333287e-02 3.541666666666666852e-01 2.633333333333333082e-01 3.491666666666666807e-01
3.916666666666666630e-01 3.474999999999999756e-01 1.583333333333333259e-01 1.024999999999999939e-01
